1,   5.30835629,   26.6869087,   26.5803051
2,   15.2366533,   22.8032627,   25.6190586
3,   8.44850445,   12.6440802,   43.4856186
4,   7.95756769,    10.680975,   44.6041107
5,   8.82493019,    8.8527174,   45.0299225
6, 0.0196487177,   12.4999847,   45.0299225
7,   1.92573988,   13.1794395,   44.6041107
8,   2.96672034,     14.91471,   43.4856186
9,  -15.2366533,   22.8032627,   25.6190586
10,  -5.30835629,   26.6869087,   26.5803051
11,  -2.96672034,     14.91471,   43.4856186
12,  -1.92574179,   13.1794376,   44.6041107
13, -0.0196487177,   12.4999847,   45.0299225
14,  -8.82493019,    8.8527174,   45.0299225
15,  -7.95757008,    10.680975,   44.6041107
16,  -8.44850445,   12.6440802,   43.4856186
17,  -27.4608517,   5.46230316,     20.22966
18,  -23.2733421,   15.5507507,   20.7000294
19,  -12.6440802,   8.44850445,   43.4856186
20,   -10.680975,   7.95756388,   44.6041107
21,   -8.8527174,   8.82493019,   45.0299225
22,  -12.4999847, 0.0196487177,   45.0299225
23,  -13.1794415,   1.92573786,   44.6041107
24,    -14.91471,   2.96672034,   43.4856186
25,  -12.6440802,  -8.44850445,   43.4856186
26,  -23.2811489,  -15.5559664,   19.9749851
27,  -27.4619884,  -5.46252918,   19.9749851
28,    -14.91471,  -2.96672034,   43.4856186
29,  -13.1794395,  -1.92573965,   44.6041107
30,  -12.4999847, -0.0196487177,   45.0299225
31,   -8.8527174,  -8.82493019,   45.0299225
32,   -10.680975,  -7.95756674,   44.6041107
33,  -2.96672034,    -14.91471,   43.4856186
34,  -5.46252918,  -27.4619884,   19.9749851
35,  -15.5559664,  -23.2811489,   19.9749851
36,  -8.44850445,  -12.6440802,   43.4856186
37,  -7.95756769,   -10.680975,   44.6041107
38,  -8.82493019,   -8.8527174,   45.0299225
39, -0.0196487177,  -12.4999847,   45.0299225
40,  -1.92573988,  -13.1794395,   44.6041107
41,     14.91471,  -2.96672034,   43.4856186
42,   27.4619884,  -5.46252918,   19.9749851
43,   23.2811489,  -15.5559664,   19.9749851
44,   12.6440802,  -8.44850445,   43.4856186
45,    10.680975,  -7.95756388,   44.6041107
46,    8.8527174,  -8.82493019,   45.0299225
47,   12.4999847, -0.0196487177,   45.0299225
48,   13.1794415,  -1.92573786,   44.6041107
49,   23.2733421,   15.5507507,   20.7000294
50,   27.4608517,   5.46230316,     20.22966
51,     14.91471,   2.96672034,   43.4856186
52,   13.1794395,   1.92573965,   44.6041107
53,   12.4999847, 0.0196487177,   45.0299225
54,    8.8527174,   8.82493019,   45.0299225
55,    10.680975,   7.95756674,   44.6041107
56,   12.6440802,   8.44850445,   43.4856186
57,   13.1794558,   1.92572224,   49.0712662
58,     14.91471,   2.96672034,   48.1308022
59,   12.4999847, 0.0196487177,   49.4325829
60,   12.4999847, -0.0196487177,   49.4325829
61,   13.1794558,  -1.92572284,   49.0712662
62,     14.91471,  -2.96672034,   48.1308022
63,   10.6809731,  -7.95759106,   49.0712662
64,   12.6440802,  -8.44850445,   48.1308022
65,    8.8527174,  -8.82493019,   49.4325829
66,   8.82493019,   -8.8527174,   49.4325829
67,   8.82493019,   -8.8527174,   45.0299225
68, 0.0196487177,  -12.4999847,   45.0299225
69, 0.0196487177,  -12.4999847,   49.4325829
70, -0.0196487177,  -12.4999847,   49.4325829
71,  -1.92572284,  -13.1794558,   49.0712662
72,  -2.96672034,    -14.91471,   48.1308022
73,  -7.95759106,  -10.6809731,   49.0712662
74,  -8.44850445,  -12.6440802,   48.1308022
75,  -8.82493019,   -8.8527174,   49.4325829
76,   -8.8527174,  -8.82493019,   49.4325829
77,   -10.680974,  -7.95759106,   49.0712662
78,  -12.6440802,  -8.44850445,   48.1308022
79,  -13.1794558,  -1.92572224,   49.0712662
80,    -14.91471,  -2.96672034,   48.1308022
81,  -12.4999847, -0.0196487177,   49.4325829
82,  -12.4999847, 0.0196487177,   49.4325829
83,  -13.1794558,   1.92572284,   49.0712662
84,    -14.91471,   2.96672034,   48.1308022
85,  -10.6809731,   7.95759106,   49.0712662
86,  -12.6440802,   8.44850445,   48.1308022
87,   -8.8527174,   8.82493019,   49.4325829
88,  -8.82493019,    8.8527174,   49.4325829
89,  -7.95759106,    10.680974,   49.0712662
90,  -8.44850445,   12.6440802,   48.1308022
91,  -1.92572224,   13.1794558,   49.0712662
92,  -2.96672034,     14.91471,   48.1308022
93, -0.0196487177,   12.4999847,   49.4325829
94, 0.0196487177,   12.4999847,   49.4325829
95,   1.92572284,   13.1794558,   49.0712662
96,   2.96672034,     14.91471,   48.1308022
97,   7.95759106,   10.6809731,   49.0712662
98,   8.44850445,   12.6440802,   48.1308022
99,   8.82493019,    8.8527174,   49.4325829
100,    8.8527174,   8.82493019,   49.4325829
101,    10.680974,   7.95759106,   49.0712662
102,   12.6440802,   8.44850445,   48.1308022
103,   8.44850445,  -12.6440802,   43.4856186
104,   7.95759106,  -10.6809721,   44.6041107
105,   7.95759106,   -10.680974,   49.0712662
106,   8.44850445,  -12.6440802,   48.1308022
107,   1.92572105,  -13.1794548,   44.6041107
108,   1.92572224,  -13.1794558,   49.0712662
109,   2.96672034,    -14.91471,   43.4856186
110,   2.96672034,    -14.91471,   48.1308022
111,           0.,         -15.,           4.
112,           0.,          15.,           4.
113,           0.,          15.,           0.
114,           0.,         -15.,           0.
115,  -4.84063768,  -24.3355293,           7.
116,  -3.73562622,  -23.2840443,   4.87868023
117,  -1.50553179,   -22.946312,           4.
118,  -15.1609211,  -17.2900639,           4.
119,  -13.8228245,  -19.1057854,   4.87867785
120,  -13.7849703,  -20.6306667,           7.
121,  -20.6306667,  -13.7849703,           7.
122,   -19.105793,  -13.8228178,   4.87867975
123,  -17.2900639,  -15.1609211,           4.
124,   -22.946312,  -1.50553179,           4.
125,  -23.2840462,  -3.73561549,   4.87867975
126,  -24.3355293,  -4.84063768,           7.
127,  -20.6306667,   13.7849703,           7.
128,  -24.3355293,   4.84063768,           7.
129,  -23.2840481,   3.73562145,   4.87868404
130,   -22.946312,   1.50553179,           4.
131,  -17.2900639,   15.1609211,           4.
132,  -19.1057854,   13.8228216,   4.87867546
133,  -4.84063768,   24.3355293,           7.
134,  -13.7849703,   20.6306667,           7.
135,  -13.8228207,   19.1057911,   4.87868166
136,  -15.1609211,   17.2900639,           4.
137,  -1.50553179,    22.946312,           4.
138,  -3.73562002,   23.2840424,   4.87867641
139,   13.7849703,   20.6306667,           7.
140,   4.84063768,   24.3355293,           7.
141,   3.73562622,   23.2840443,   4.87868023
142,   1.50553179,    22.946312,           4.
143,   15.1609211,   17.2900639,           4.
144,   13.8228245,   19.1057854,   4.87867785
145,   24.3355293,   4.84063768,           7.
146,   20.6306667,   13.7849703,           7.
147,    19.105793,   13.8228178,   4.87867975
148,   17.2900639,   15.1609211,           4.
149,    22.946312,   1.50553179,           4.
150,   23.2840462,   3.73561454,   4.87867975
151,   24.3355293,  -4.84063768,           7.
152,   23.2840462,  -3.73562145,   4.87868404
153,    22.946312,  -1.50553179,           4.
154,   17.2900639,  -15.1609211,           4.
155,   19.1057854,  -13.8228216,   4.87867546
156,   20.6306667,  -13.7849703,           7.
157,           0.,         -25.,           0.
158,           0.,          25.,           0.
159,   24.3217258,   16.2512589,           7.
160,   26.6070271,   17.7782478,   19.9749851
161,   22.9606018,   16.3985538,   4.87868643
162,    21.252306,   17.8084068,           4.
163,   16.3985558,   22.9605999,   4.87868452
164,   17.8084068,    21.252306,           4.
165,   16.2512589,   24.3217258,           7.
166,   17.7782478,   26.6070271,   19.9749851
167,   5.70668316,   28.6894321,           7.
168,   6.24289036,    31.385128,   19.9749851
169,   4.64006758,   27.8311253,   4.87868595
170,   2.43520498,   27.6200943,           4.
171,  -4.64006567,   27.8311253,   4.87868452
172,  -2.43520498,   27.6200943,           4.
173,  -5.70668316,   28.6894321,           7.
174,  -6.24289036,    31.385128,   19.9749851
175,  -16.2512589,   24.3217258,           7.
176,  -17.7782478,   26.6070271,   19.9749851
177,  -16.3985538,   22.9605999,   4.87868595
178,  -17.8084068,    21.252306,           4.
179,  -22.9605999,   16.3985558,   4.87868452
180,   -21.252306,   17.8084068,           4.
181,  -24.3217258,   16.2512589,           7.
182,  -26.6070271,   17.7782478,   19.9749851
183,  -28.6894321,   5.70668316,           7.
184,   -31.385128,   6.24289036,   19.9749851
185,  -27.8311253,   4.64006805,   4.87868643
186,  -27.6200943,   2.43520498,           4.
187,  -27.8311253,  -4.64006567,   4.87868452
188,  -27.6200943,  -2.43520498,           4.
189,  -28.6894321,  -5.70668316,           7.
190,   -31.385128,  -6.24289036,   19.9749851
191,  -24.3217258,  -16.2512589,           7.
192,  -26.6070271,  -17.7782478,   19.9749851
193,  -22.9605999,  -16.3985538,   4.87868595
194,   -21.252306,  -17.8084068,           4.
195,  -16.3985558,  -22.9605999,   4.87868452
196,  -17.8084068,   -21.252306,           4.
197,  -16.2512589,  -24.3217258,           7.
198,  -17.7782478,  -26.6070271,   19.9749851
199,  -5.70668316,  -28.6894321,           7.
200,  -6.24289036,   -31.385128,   19.9749851
201,  -4.64006758,  -27.8311253,   4.87868595
202,  -2.43520498,  -27.6200943,           4.
203,   22.9605999,  -16.3985558,   4.87868452
204,    21.252306,  -17.8084068,           4.
205,   24.3217258,  -16.2512589,           7.
206,   26.6070271,  -17.7782478,   19.9749851
207,   28.6894321,  -5.70668316,           7.
208,    31.385128,  -6.24289036,   19.9749851
209,   27.8311253,  -4.64006758,   4.87868595
210,   27.6200943,  -2.43520498,           4.
211,   27.8311253,   4.64006567,   4.87868452
212,   27.6200943,   2.43520498,           4.
213,   28.6894321,   5.70668316,           7.
214,    31.385128,   6.24289036,   19.9749851
215,   6.24289036,   -31.385128,   19.9749851
216,   17.7782478,  -26.6070271,   19.9749851
217,   4.84063768,  -24.3355293,           7.
218,   5.70668316,  -28.6894321,           7.
219,   5.46252918,  -27.4619884,   19.9749851
220,   3.73559117,  -23.2840481,   4.87867975
221,   4.64006567,  -27.8311253,   4.87868452
222,   1.50553179,   -22.946312,           4.
223,   2.43520498,  -27.6200943,           4.
224,   16.2512589,  -24.3217258,           7.
225,   13.7849703,  -20.6306667,           7.
226,   15.5559664,  -23.2811489,   19.9749851
227,   15.1609211,  -17.2900639,           4.
228,   17.8084068,   -21.252306,           4.
229,   16.3985424,  -22.9606037,   4.87867737
230,   13.8228397,  -19.1057873,   4.87869453
231,   10.4654684,   25.2099094,   26.2147312
232,   14.6899443,    21.985054,   29.1870899
233,   13.8865499,     20.78269,   32.5941544
234,   12.8405094,   19.2171803,   35.7807198
235,   11.5701008,   17.3158798,   38.6911011
236,   10.0975218,     15.11201,   41.2744484
237,   4.78354311,   11.5484943,   45.0299225
238,   3.62580037,   18.2281303,   40.9174995
239,   4.20159626,   21.1228504,   37.8683281
240,   4.68088198,    23.532383,   34.4081497
241,   5.05264854,   25.4013786,   30.6164455
242,  -10.4654684,   25.2099094,   26.2147312
243,  -5.05264854,   25.4013786,   30.6164455
244,  -4.68088198,    23.532383,   34.4081497
245,  -4.20159626,   21.1228504,   37.8683281
246,  -3.62580037,   18.2281303,   40.9174995
247,  -4.78354311,   11.5484943,   45.0299225
248,  -10.4070234,   15.5752115,   40.7861977
249,  -12.1038513,   18.1146946,   37.5634651
250,  -13.4963198,   20.1986694,   33.8984566
251,  -14.5494137,   21.7747364,   29.8833332
252,  -25.8648243,   10.7126751,   20.4744568
253,  -22.8722725,   15.2827644,   25.1995659
254,  -21.8737659,   14.6155834,   29.5626354
255,  -20.3039055,   13.5666361,   33.6752701
256,  -18.2036953,   12.1633196,   37.4300461
257,  -15.6279936,   10.4422913,   40.7288857
258,  -11.5484943,   4.78354311,   45.0299225
259,  -18.4914036,   3.67816877,   40.6761703
260,   -21.568264,   4.29019451,   37.3071556
261,  -24.0621243,   4.78625441,   33.4696465
262,  -25.9055748,   5.15293932,   29.2673702
263,  -27.0487843,   5.38033772,   24.8139153
264,  -15.2900581,  -10.2164898,   41.0898476
265,  -17.6265926,  -11.7777128,   38.2667503
266,  -19.6063995,  -13.1005774,   35.0734596
267,  -21.1894073,  -14.1583099,   31.5746078
268,  -22.3435822,  -14.9295044,   27.8409996
269,  -23.0455666,  -15.3985548,   23.9481964
270,  -25.8686275,  -10.7151365,   19.9749851
271,  -27.1840973,  -5.40725327,   23.9481964
272,  -26.3560524,  -5.24254513,   27.8409996
273,  -24.9946117,  -4.97173738,   31.5746078
274,  -23.1273251,   -4.6003108,   35.0734596
275,  -20.7919846,  -4.13578272,   38.2667503
276,  -18.0358524,  -3.58755422,   41.0898476
277,  -11.5484943,  -4.78354311,   45.0299225
278,  -3.58755422,  -18.0358524,   41.0898476
279,  -4.13578272,  -20.7919846,   38.2667503
280,   -4.6003108,  -23.1273251,   35.0734596
281,  -4.97173738,  -24.9946117,   31.5746078
282,  -5.24254513,  -26.3560524,   27.8409996
283,  -5.40725327,  -27.1840973,   23.9481964
284,  -10.7151365,  -25.8686275,   19.9749851
285,  -15.3985548,  -23.0455666,   23.9481964
286,  -14.9295044,  -22.3435822,   27.8409996
287,  -14.1583099,  -21.1894073,   31.5746078
288,  -13.1005774,  -19.6063995,   35.0734596
289,  -11.7777128,  -17.6265926,   38.2667503
290,  -10.2164898,  -15.2900581,   41.0898476
291,  -4.78354311,  -11.5484943,   45.0299225
292,   18.5221615,  -3.68428683,   40.6475639
293,   21.6197052,  -4.30042648,   37.2404022
294,   24.1220684,  -4.79817772,    33.357933
295,   25.9603634,  -5.16383696,   29.1070366
296,   27.0839806,  -5.38733864,   24.6047382
297,   25.8686275,  -10.7151365,   19.9749851
298,   23.0455666,  -15.3985548,   23.9481964
299,   22.3435822,  -14.9295044,   27.8409996
300,   21.1894073,  -14.1583099,   31.5746078
301,   19.6063995,  -13.1005774,   35.0734596
302,   17.6265926,  -11.7777128,   38.2667503
303,   15.2900581,  -10.2164898,   41.0898476
304,   11.5484943,  -4.78354311,   45.0299225
305,   25.8648243,   10.7126751,   20.4744568
306,   27.1528912,    5.4010458,   24.1641617
307,   26.3053741,   5.23246431,    28.015419
308,   24.9351425,   4.95990801,   31.7069054
309,   23.0694237,   4.58879375,   35.1652679
310,   20.7452908,   4.12649488,   38.3217812
311,   18.0089283,   3.58219862,   41.1137238
312,   11.5484943,   4.78354311,   45.0299225
313,   15.6279936,   10.4422913,   40.7288857
314,   18.2036953,   12.1633196,   37.4300461
315,   20.3039055,   13.5666361,   33.6752701
316,   21.8737659,   14.6155834,   29.5626354
317,   22.8722725,   15.2827644,   25.1995659
318,   4.78354311,  -11.5484943,   45.0299225
319,   5.13030195,  -14.0953894,           4.
320,   9.64181423,  -11.4906664,           4.
321,   12.9903812,         -7.5,           4.
322,   14.7721167,  -2.60472274,           4.
323,   14.7721167,   2.60472274,           4.
324,   12.9903812,          7.5,           4.
325,   9.64181423,   11.4906664,           4.
326,   5.13030195,   14.0953894,           4.
327,   5.13030195,   14.0953894,           0.
328,   9.64181423,   11.4906664,           0.
329,   12.9903812,          7.5,           0.
330,   14.7721167,   2.60472274,           0.
331,   14.7721167,  -2.60472274,           0.
332,   12.9903812,         -7.5,           0.
333,   9.64181423,  -11.4906664,           0.
334,   5.13030195,  -14.0953894,           0.
335,  -5.13030195,   14.0953894,           4.
336,  -9.64181423,   11.4906664,           4.
337,  -12.9903812,          7.5,           4.
338,  -14.7721167,   2.60472274,           4.
339,  -14.7721167,  -2.60472274,           4.
340,  -12.9903812,         -7.5,           4.
341,  -9.64181423,  -11.4906664,           4.
342,  -5.13030195,  -14.0953894,           4.
343,  -5.13030195,  -14.0953894,           0.
344,  -9.64181423,  -11.4906664,           0.
345,  -12.9903812,         -7.5,           0.
346,  -14.7721167,  -2.60472274,           0.
347,  -14.7721167,   2.60472274,           0.
348,  -12.9903812,          7.5,           0.
349,  -9.64181423,   11.4906664,           0.
350,  -5.13030195,   14.0953894,           0.
351,  -5.39222908,  -27.1085644,   15.4973106
352,  -5.18313789,   -26.057394,   11.1348877
353,  -6.43534517,  -22.0768242,           4.
354,  -11.0601969,  -20.1611481,           4.
355,  -14.7603283,  -22.0903912,   11.1348877
356,  -15.3557682,  -22.9815311,   15.4973106
357,  -22.9815311,  -15.3557682,   15.4973106
358,  -22.0903912,  -14.7603283,   11.1348877
359,  -20.1611481,  -11.0601969,           4.
360,  -22.0768242,  -6.43534517,           4.
361,   -26.057394,  -5.18313789,   11.1348877
362,  -27.1085644,  -5.39222908,   15.4973106
363,  -21.8303757,   14.5865908,   10.2453346
364,  -22.6788464,   15.1535215,    13.647213
365,  -23.1624298,   15.4766407,   17.1509018
366,  -27.2848778,    5.4272995,   16.8001003
367,  -26.6984444,   5.31065083,   13.4183016
368,  -25.7103729,   5.11411142,   10.1351385
369,  -22.0768242,   6.43534517,           4.
370,  -20.1611481,   11.0601969,           4.
371,  -5.15377331,   25.9097672,   10.6947603
372,  -5.36023378,   26.9477158,   14.5816069
373,  -5.45574617,   27.4278889,   18.5800877
374,  -5.43833351,   27.3403492,   22.6074409
375,    -15.52209,   23.2304497,   21.8218632
376,  -15.5168304,    23.222578,   17.9900799
377,   -15.220974,   22.7797966,   14.1954689
378,  -14.6400604,   21.9103985,   10.5090961
379,  -11.0601969,   20.1611481,           4.
380,  -6.43534517,   22.0768242,           4.
381,   14.8115072,   22.1669884,   11.4167194
382,   15.4050074,   23.0552235,   16.0836544
383,   15.5481176,   23.2694016,    20.864357
384,   5.43833351,   27.3403492,   22.6074409
385,   5.45574617,   27.4278889,   18.5800877
386,   5.36023378,   26.9477158,   14.5816069
387,   5.15377331,   25.9097672,   10.6947603
388,   6.43534517,   22.0768242,           4.
389,   11.0601969,   20.1611481,           4.
390,   26.0835609,   5.18834305,   11.2154789
391,    27.134697,   5.39742661,   15.6649933
392,   23.1624298,   15.4766407,   17.1509018
393,   22.6788464,   15.1535215,    13.647213
394,   21.8303757,   14.5865908,   10.2453346
395,   20.1611481,   11.0601969,           4.
396,   22.0768242,   6.43534517,           4.
397,   27.2630005,  -5.42294788,   16.6103973
398,   26.6689224,  -5.30477858,   13.2945709
399,   25.6883621,  -5.10973263,   10.0755548
400,   22.0768242,  -6.43534517,           4.
401,   20.1611481,  -11.0601969,           4.
402,   22.0903912,  -14.7603283,   11.1348877
403,   22.9815311,  -15.3557682,   15.4973106
404,  -4.87725782,  -24.5196323,           0.
405,  -9.56708622,  -23.0969887,           0.
406,  -13.8892555,  -20.7867413,           0.
407,  -17.6776695,  -17.6776695,           0.
408,  -20.7867413,  -13.8892555,           0.
409,  -23.0969887,  -9.56708622,           0.
410,  -24.5196323,  -4.87725782,           0.
411,         -25.,           0.,           0.
412,  -24.5196323,   4.87725782,           0.
413,  -23.0969887,   9.56708622,           0.
414,  -20.7867413,   13.8892555,           0.
415,  -17.6776695,   17.6776695,           0.
416,  -13.8892555,   20.7867413,           0.
417,  -9.56708622,   23.0969887,           0.
418,  -4.87725782,   24.5196323,           0.
419,   4.87725782,   24.5196323,           0.
420,   9.56708622,   23.0969887,           0.
421,   13.8892555,   20.7867413,           0.
422,   17.6776695,   17.6776695,           0.
423,   20.7867413,   13.8892555,           0.
424,   23.0969887,   9.56708622,           0.
425,   24.5196323,   4.87725782,           0.
426,          25.,           0.,           0.
427,   24.5196323,  -4.87725782,           0.
428,   23.0969887,  -9.56708622,           0.
429,   20.7867413,  -13.8892555,           0.
430,   17.6776695,  -17.6776695,           0.
431,   13.8892555,  -20.7867413,           0.
432,   9.56708622,  -23.0969887,           0.
433,   4.87725782,  -24.5196323,           0.
434,   26.3498001,   17.6063728,   15.5361071
435,   25.5830917,   17.0940762,   11.1830559
436,   16.0781517,   10.7430773,   45.4716377
437,   19.1333637,   12.7845058,   42.2116852
438,   21.7377281,   14.5246849,   38.4277534
439,    23.829874,   15.9226122,   34.2090111
440,   25.3605022,   16.9453468,   29.6548672
441,   26.2935505,   17.5687885,   24.8726273
442,   17.0940762,   25.5830917,   11.1830559
443,   17.6063728,   26.3498001,   15.5361071
444,   17.5687885,   26.2935505,   24.8726273
445,   16.9453468,   25.3605022,   29.6548672
446,   15.9226122,    23.829874,   34.2090111
447,   14.5246849,   21.7377281,   38.4277534
448,   12.7845058,   19.1333637,   42.2116852
449,   10.7430773,   16.0781517,   45.4716377
450,   6.18253613,   31.0817089,   15.5361071
451,    6.0026412,   30.1773148,   11.1830559
452,   3.77246714,   18.9654732,   45.4716377
453,   4.48932123,   22.5693417,   42.2116852
454,   5.10039139,   25.6413975,   38.4277534
455,   5.59127808,   28.1092529,   34.2090111
456,   5.95041418,    29.914753,   29.6548672
457,   6.16933823,   31.0153561,   24.8726273
458,   -6.0026412,   30.1773148,   11.1830559
459,  -6.18253613,   31.0817089,   15.5361071
460,  -6.16933823,   31.0153561,   24.8726273
461,  -5.95041418,    29.914753,   29.6548672
462,  -5.59127808,   28.1092529,   34.2090111
463,  -5.10039139,   25.6413975,   38.4277534
464,  -4.48932123,   22.5693417,   42.2116852
465,  -3.77246714,   18.9654732,   45.4716377
466,  -17.6063728,   26.3498001,   15.5361071
467,  -17.0940762,   25.5830917,   11.1830559
468,  -10.7430773,   16.0781517,   45.4716377
469,  -12.7845058,   19.1333637,   42.2116852
470,  -14.5246849,   21.7377281,   38.4277534
471,  -15.9226122,    23.829874,   34.2090111
472,  -16.9453468,   25.3605022,   29.6548672
473,  -17.5687885,   26.2935505,   24.8726273
474,  -25.5830917,   17.0940762,   11.1830559
475,  -26.3498001,   17.6063728,   15.5361071
476,  -26.2935505,   17.5687885,   24.8726273
477,  -25.3605022,   16.9453468,   29.6548672
478,   -23.829874,   15.9226122,   34.2090111
479,  -21.7377281,   14.5246849,   38.4277534
480,  -19.1333637,   12.7845058,   42.2116852
481,  -16.0781517,   10.7430773,   45.4716377
482,  -31.0817089,   6.18253613,   15.5361071
483,  -30.1773148,    6.0026412,   11.1830559
484,  -18.9654732,   3.77246714,   45.4716377
485,  -22.5693417,   4.48932123,   42.2116852
486,  -25.6413975,   5.10039139,   38.4277534
487,  -28.1092529,   5.59127808,   34.2090111
488,   -29.914753,   5.95041418,   29.6548672
489,  -31.0153561,   6.16933823,   24.8726273
490,  -30.1773148,   -6.0026412,   11.1830559
491,  -31.0817089,  -6.18253613,   15.5361071
492,  -31.0153561,  -6.16933823,   24.8726273
493,   -29.914753,  -5.95041418,   29.6548672
494,  -28.1092529,  -5.59127808,   34.2090111
495,  -25.6413975,  -5.10039139,   38.4277534
496,  -22.5693417,  -4.48932123,   42.2116852
497,  -18.9654732,  -3.77246714,   45.4716377
498,  -26.3498001,  -17.6063728,   15.5361071
499,  -25.5830917,  -17.0940762,   11.1830559
500,  -16.0781517,  -10.7430773,   45.4716377
501,  -19.1333637,  -12.7845058,   42.2116852
502,  -21.7377281,  -14.5246849,   38.4277534
503,   -23.829874,  -15.9226122,   34.2090111
504,  -25.3605022,  -16.9453468,   29.6548672
505,  -26.2935505,  -17.5687885,   24.8726273
506,  -17.0940762,  -25.5830917,   11.1830559
507,  -17.6063728,  -26.3498001,   15.5361071
508,  -17.5687885,  -26.2935505,   24.8726273
509,  -16.9453468,  -25.3605022,   29.6548672
510,  -15.9226122,   -23.829874,   34.2090111
511,  -14.5246849,  -21.7377281,   38.4277534
512,  -12.7845058,  -19.1333637,   42.2116852
513,  -10.7430773,  -16.0781517,   45.4716377
514,  -6.18253613,  -31.0817089,   15.5361071
515,   -6.0026412,  -30.1773148,   11.1830559
516,  -3.77246714,  -18.9654732,   45.4716377
517,  -4.48932123,  -22.5693417,   42.2116852
518,  -5.10039139,  -25.6413975,   38.4277534
519,  -5.59127808,  -28.1092529,   34.2090111
520,  -5.95041418,   -29.914753,   29.6548672
521,  -6.16933823,  -31.0153561,   24.8726273
522,   25.5830917,  -17.0940762,   11.1830559
523,   26.3498001,  -17.6063728,   15.5361071
524,   26.2935505,  -17.5687885,   24.8726273
525,   25.3605022,  -16.9453468,   29.6548672
526,    23.829874,  -15.9226122,   34.2090111
527,   21.7377281,  -14.5246849,   38.4277534
528,   19.1333637,  -12.7845058,   42.2116852
529,   16.0781517,  -10.7430773,   45.4716377
530,   31.0817089,  -6.18253613,   15.5361071
531,   30.1773148,   -6.0026412,   11.1830559
532,   18.9654732,  -3.77246714,   45.4716377
533,   22.5693417,  -4.48932123,   42.2116852
534,   25.6413975,  -5.10039139,   38.4277534
535,   28.1092529,  -5.59127808,   34.2090111
536,    29.914753,  -5.95041418,   29.6548672
537,   31.0153561,  -6.16933823,   24.8726273
538,   30.1773148,    6.0026412,   11.1830559
539,   31.0817089,   6.18253613,   15.5361071
540,   31.0153561,   6.16933823,   24.8726273
541,    29.914753,   5.95041418,   29.6548672
542,   28.1092529,   5.59127808,   34.2090111
543,   25.6413975,   5.10039139,   38.4277534
544,   22.5693417,   4.48932123,   42.2116852
545,   18.9654732,   3.77246714,   45.4716377
546,   30.3017635,   10.2860632,   19.9749851
547,   28.6999283,   14.1532383,   19.9749851
548,   14.1532383,   28.6999283,   19.9749851
549,   10.2860632,   30.3017635,   19.9749851
550,  -10.2860632,   30.3017635,   19.9749851
551,  -14.1532383,   28.6999283,   19.9749851
552,  -28.6999283,   14.1532383,   19.9749851
553,  -30.3017635,   10.2860632,   19.9749851
554,  -30.3017635,  -10.2860632,   19.9749851
555,  -28.6999283,  -14.1532383,   19.9749851
556,  -14.1532383,  -28.6999283,   19.9749851
557,  -10.2860632,  -30.3017635,   19.9749851
558,   3.77246714,  -18.9654732,   45.4716377
559,   4.48932123,  -22.5693417,   42.2116852
560,   5.10039139,  -25.6413975,   38.4277534
561,   5.59127808,  -28.1092529,   34.2090111
562,   5.95041418,   -29.914753,   29.6548672
563,   6.16933823,  -31.0153561,   24.8726273
564,   10.2860632,  -30.3017635,   19.9749851
565,   14.1532383,  -28.6999283,   19.9749851
566,   17.5687885,  -26.2935505,   24.8726273
567,   16.9453468,  -25.3605022,   29.6548672
568,   15.9226122,   -23.829874,   34.2090111
569,   14.5246849,  -21.7377281,   38.4277534
570,   12.7845058,  -19.1333637,   42.2116852
571,   10.7430773,  -16.0781517,   45.4716377
572,   28.6999283,  -14.1532383,   19.9749851
573,   30.3017635,  -10.2860632,   19.9749851
574,    6.0026412,  -30.1773148,   11.1830559
575,   6.18253613,  -31.0817089,   15.5361071
576,   5.39222908,  -27.1085644,   15.4973106
577,   5.18313789,   -26.057394,   11.1348877
578,   3.58755422,  -18.0358524,   41.0898476
579,   4.13578272,  -20.7919846,   38.2667503
580,    4.6003108,  -23.1273251,   35.0734596
581,   4.97173738,  -24.9946117,   31.5746078
582,   5.24254513,  -26.3560524,   27.8409996
583,   5.40725327,  -27.1840973,   23.9481964
584,   14.7603283,  -22.0903912,   11.1348877
585,   15.3557682,  -22.9815311,   15.4973106
586,   15.3985548,  -23.0455666,   23.9481964
587,   14.9295044,  -22.3435822,   27.8409996
588,   14.1583099,  -21.1894073,   31.5746078
589,   13.1005774,  -19.6063995,   35.0734596
590,   11.7777128,  -17.6265926,   38.2667503
591,   10.2164898,  -15.2900581,   41.0898476
592,   17.6063728,  -26.3498001,   15.5361071
593,   17.0940762,  -25.5830917,   11.1830559
594,   10.7151365,  -25.8686275,   19.9749851
595,   6.43534517,  -22.0768242,           4.
596,   11.0601969,  -20.1611481,           4.
597,   7.18361902,   22.6459675,   34.7923965
598,   7.97370291,   18.0073853,   39.8786049
599,   6.38307333,   15.2359838,   42.5829735
600,   11.7678671,   23.4321823,    29.795887
601,   10.1633768,   22.2496357,   33.6006737
602,   9.41671276,   20.2309971,   36.8874741
603,  -9.97223949,   23.9667168,   30.4702663
604,  -9.11521053,   22.0278111,   34.6613197
605,  -7.16187859,   18.1313744,    40.073761
606,  -6.82210016,   14.7106247,   42.8016472
607,  -25.3981247,   9.68407154,   26.6946621
608,  -24.2331791,   8.57605171,   31.0747337
609,  -22.2765293,   8.03325176,    34.915638
610,  -15.6045446,   6.47815132,   42.3028069
611,  -19.1980915,    8.0749712,   38.6893654
612,  -23.5969181,   12.0189829,   29.0705585
613,  -20.6532383,   10.7237148,   35.5456543
614,  -22.3614254,   11.3599329,   32.4216156
615,  -25.0184689,  -11.9567699,    23.862381
616,  -23.6870937,  -12.1489563,   28.6539497
617,  -22.0417328,  -11.1000547,   33.2018814
618,  -26.5207596,  -8.43829823,   23.0481625
619,   -25.742136,  -8.16587067,   27.3682919
620,  -23.9035568,  -8.27684212,   31.9797287
621,  -22.0993042,  -8.34099007,   35.0098991
622,  -20.1613026,  -7.30853605,   37.9779625
623,   -20.453804,  -10.4001856,   36.0211067
624,  -17.4123878,  -7.92847824,   40.4187622
625,  -15.1238365,  -6.38502884,   42.6575966
626,   -4.8079071,  -14.5266228,   43.4241066
627,  -10.7910509,  -25.4414253,   24.4791088
628,  -9.20389748,  -25.3903084,   27.3655529
629,  -8.75509739,  -24.3052864,   30.7731915
630,  -8.99156189,  -21.9676857,   34.8266716
631,   -7.2853775,  -19.2939873,   38.9134445
632,  -6.93352461,  -16.1076336,   41.8031845
633,  -11.9424486,   -23.444931,   29.5516815
634,  -12.5473938,   -24.114399,   26.6875572
635,  -11.4804487,  -22.2790451,   32.4587135
636,     26.40588,  -8.44682598,   23.8968048
637,   25.3437023,  -8.12839508,   28.6713028
638,   22.9907627,  -8.87580872,   33.2657661
639,   19.4825153,  -9.29562092,   37.8081856
640,     15.62045,  -6.65970564,   42.2381783
641,   24.7695503,  -11.7168474,   25.7356167
642,    23.584404,  -11.6891518,   29.5216904
643,   25.5231228,    9.6848135,   26.2019119
644,   24.5474892,   8.54239368,    30.388834
645,   22.5280209,   7.52377367,   34.8033714
646,   15.4846153,   6.43744326,   42.3978767
647,    19.041029,    7.9548049,   38.9001083
648,     23.71278,   11.9925585,   28.8000946
649,   22.5084763,   11.2514658,    32.253952
650,   20.7114639,   10.5914316,   35.5588493
651,  -1.50041318,   10.2435188,   45.0299225
652,  -0.11070393,  -9.67188644,   45.0299225
653,   1.52428699,   9.26244068,   45.0299225
654,    8.7769022,  -1.55822515,   45.0299225
655,  -9.68964958,    1.5754993,   45.0299225
656,  -7.43575764,   5.41745377,   45.0299225
657,  -4.53165674,  -7.60396767,   45.0299225
658,   5.32232094,   7.63698053,   45.0299225
659,   7.25547266,   -5.5383544,   45.0299225
660,   7.63512754,    4.7116847,   45.0299225
661,   4.26478863,  -7.86923552,   45.0299225
662,  -4.57717085,   8.04664612,   45.0299225
663,  -7.67736912,  -5.42572308,   45.0299225
664,   1.21943057,  -6.63338947,   45.0299225
665,  -1.22427821,   7.20449352,   45.0299225
666,   4.97807789,  -2.01111436,   45.0299225
667,  -5.15417051,   1.04703784,   45.0299225
668,   4.06022739,   4.02379179,   45.0299225
669,  -4.15984869,  -3.71088839,   45.0299225
670,   9.87320137,   1.53818464,   45.0299225
671,   1.65971947,   6.07581854,   45.0299225
672,   -1.6335454,  -6.41409588,   45.0299225
673,  -8.45491982,  -1.88621104,   45.0299225
674, -0.0659577399,    -4.141047,   45.0299225
675,    6.2610302,   1.24798787,   45.0299225
676,   3.26252055,  -4.74276876,   45.0299225
677,  -3.40317154,   4.79180241,   45.0299225
678,   1.85615349,  -2.23068333,   45.0299225
679,  -1.15867674,   2.32779241,   45.0299225
680,   2.28902197,  0.844940305,   45.0299225
681,  -1.06557965,  -0.97714138,   45.0299225
682,   1.23731744,   3.61196876,   45.0299225
683,  -10.3806744,  -25.0578327,   13.0218086
684,  -8.35014534,   -24.522131,   9.34765244
685,  -9.42929363,  -22.7457047,   6.64376831
686,  -11.4492607,  -23.2288227,   9.32903481
687,  -25.5339165,  -9.74524879,   13.8881741
688,  -24.5271339,  -8.95985603,   9.86851501
689,    -22.70998,  -9.59844685,   6.70371342
690,  -23.8360081,  -12.2447624,    11.856452
691,  -22.9270515,  -11.9574041,   9.23390579
692,  -25.4235058,   10.2082138,   14.1924524
693,  -24.1357765,   10.7176113,   10.6692295
694,  -22.4591122,   10.8295774,   7.23494768
695,  -24.2555008,   7.69011211,   8.29025841
696,  -23.8491726,   12.9081526,   13.0038614
697,  -25.4268742,   7.86447954,   11.2787781
698,  -24.2955742,   13.4756269,   16.4918022
699,  -10.0997887,   26.1139431,   20.2122211
700,  -9.17152786,   26.0511513,   15.3684072
701,  -8.27638531,   25.2655315,   11.1912298
702,  -13.4644632,   24.5496922,   19.8304634
703,  -12.7599344,   24.6801109,   16.4998989
704,  -12.1487799,   23.8068924,    11.629982
705,  -9.91245079,   23.0079155,   7.46982145
706,  -13.0749559,   24.6020947,   22.7646866
707,   10.8577347,   21.8167553,   6.18590355
708,   9.90868759,   26.1852016,   20.3663464
709,   9.07026482,   26.2209778,   16.2079449
710,   8.60594845,   25.4830036,    12.193326
711,   7.97910452,   24.1080208,   8.17933846
712,   12.1116247,   24.4803944,   13.8090391
713,   12.5413294,   24.9055462,   17.4394627
714,   11.4846439,   23.3710423,   9.68434238
715,   25.7435055,    9.3701086,   14.1894016
716,   24.8131256,   9.13937759,   10.7673473
717,   23.0616741,   7.51851463,   5.98816538
718,   22.9408073,   10.9569397,   8.24191761
719,   23.9682045,   12.0927658,   12.0194693
720,   24.5426846,    12.695178,   15.4484978
721,    24.418539,   7.58204508,   8.56238079
722,   25.0490265,  -11.8466644,   15.9497175
723,   23.9394646,  -12.0193024,   11.8240061
724,   22.3418922,  -12.1816063,   8.29387665
725,   26.5973454,  -7.96519041,   16.3504848
726,   25.5835552,  -8.58793354,   12.5097914
727,   23.7917328,  -8.73159885,   8.07067108
728,    2.1083014,  -19.7002773,           0.
729,   11.0701342,  -17.1241856,           0.
730,     15.06003,  -12.9548731,           0.
731,   19.0270004,  -6.17037201,           0.
732,   19.7243538,   1.65603602,           0.
733,   20.6086197,  -2.39926338,           0.
734,  -19.7692013,  -1.68069327,           0.
735,   -20.622509,   2.38212156,           0.
736,  -19.0443859,   6.14758873,           0.
737,  -15.4380112,    12.780653,           0.
738,  -13.2455292,   16.0600986,           0.
739,  -2.33773661,   19.6883316,           0.
740,   2.32812214,   19.6541748,           0.
741,    6.6135931,   19.6978111,           0.
742,   11.0833521,   17.0320816,           0.
743,    15.145462,   12.5123892,           0.
744,   18.7193813,   7.51524973,           0.
745,  -18.7766075,  -7.49546099,           0.
746,  -15.5267811,  -12.3589439,           0.
747,  -9.62848854,   17.5580826,           0.
748,  -13.1937962,   -15.979291,           0.
749,   -3.8142581,  -19.8563881,           0.
750,  -9.20608521,  -17.5509109,           0.
751,  -18.2713013,   9.97691631,           0.
752,  -6.30817413,   19.7916851,           0.
753,   6.55061626,  -19.7072945,           0.
754,   18.1922283,  -10.0163174,           0.
755,    28.710947,   11.8966627,   27.6006622
756,   27.3030109,   11.3299189,   32.2297211
757,   25.1072063,    10.504056,   36.8062935
758,   21.5503635,   9.49411869,   41.6416283
759,   18.1024685,   7.17729044,   45.3676453
760,   15.5015059,   5.57425308,   47.4091072
761,   9.55531311,   3.25864553,   50.3407097
762,   7.18075275,   6.69220304,   50.4323502
763,   3.04607439,   4.30330515,   51.5376663
764,   14.2286072,    27.532011,    27.945879
765,   4.74271774,   8.68111324,   50.4076118
766,   10.3681393,   28.9849815,   28.7141209
767,   9.51267338,   27.6413708,   32.9928093
768,   8.85180569,   25.5893898,   37.0286827
769,   8.53022957,   22.8087502,   40.7354317
770,   1.73802948,    10.231329,   50.2454185
771,  0.672978222,   5.69390297,   51.4571457
772,  -1.91819787,   10.3048306,   50.2095833
773,  -10.3950119,   28.9902115,   28.6647148
774,  -9.58793449,   27.6218643,   32.9789848
775,  -8.95755863,   25.0356255,    37.778904
776,  -1.80671716,   5.65085363,   51.4202309
777,  -14.2429771,   27.5378571,   27.8998852
778,  -9.89249897,   21.7988262,   41.2105598
779,  -4.86435461,    8.7327795,   50.3736115
780,  -7.31377172,   6.73749352,    50.390686
781,  -3.68811274,     3.304425,   51.5895157
782,  -28.4053574,    11.474247,   29.2203808
783,  -26.3696594,   11.0791531,   34.3239708
784,  -23.8940601,   10.1986208,   38.6581841
785,  -20.8464909,   9.05896282,   42.4996147
786,  -16.8926544,   7.80308056,   46.0086212
787,   -14.244525,   6.19057322,   47.9530182
788,  -9.79131794,   3.85909939,   50.1948013
789,  -5.89748907,   1.15196276,   51.4057426
790,  -10.9944592,  0.246819228,   50.0259552
791,  -10.2533674,  -2.83905029,    50.154583
792,  -5.72062683,  -1.33714497,   51.4310875
793,  -28.3869381,  -12.6174183,   27.6549911
794,  -27.2461643,  -11.4557047,   32.2392998
795,  -25.0970707,   -10.525816,   36.8078194
796,  -21.5494347,  -9.49452496,   41.6423759
797,  -18.1036358,  -7.16982269,   45.3689194
798,  -15.5109253,  -5.53625536,   47.4114761
799,  -4.32308865,  -3.72571278,   51.4619637
800,  -14.2286072,  -27.5320091,   27.9458809
801,  -10.3681393,  -28.9849815,   28.7141228
802,  -9.51268005,  -27.6413536,    32.992836
803,  -8.85215378,   -25.589262,   37.0286942
804,  -8.52640152,  -22.8074398,   40.7384415
805,   -1.9884994,  -5.55547285,   51.4262581
806, 0.0339655094,  -11.5613642,    49.813446
807,    1.2427429,  -5.78889227,   51.4224701
808,   10.3950119,  -28.9902115,   28.6647148
809,   9.59032249,  -27.6254864,    32.969532
810,   8.95869541,  -25.0393524,   37.7730904
811,   14.2429771,  -27.5378571,   27.8998852
812,   9.88625717,  -21.8005199,   41.2117271
813,   4.23028517,  -4.87837887,   51.3167458
814,   28.4053574,   -11.474247,   29.2203808
815,   26.3696594,  -11.0791531,   34.3239708
816,   23.8940601,  -10.1986208,   38.6581841
817,   20.8424911,  -9.05273533,   42.5058212
818,   16.8683434,  -7.75983477,   46.0372925
819,   14.0695467,   -5.9367137,   48.0962105
820,   5.35201693, -0.0827123746,   51.5241394
821,  0.224191502, -0.160343245,   51.9737968
822,   8.30400848,    8.2233448,   49.7645798
823,   -8.3055172,   8.22742748,    49.763031
824,  -8.24526978,  -8.24526978,   49.7748337
825,   8.24526978,  -8.24526978,   49.7748337
826, -0.0548831597,    11.992321,   49.6428337
827,   11.6599941,           0.,   49.7750587
828,   7.04109287,   9.21989441,   49.7980728
829,  -9.55873966,   6.86841679,   49.7315865
830,    9.0975523,  -6.55114603,   49.9469223
831,  -7.10010004,   9.21302319,   49.7862053
832,    9.5102911,   6.76869154,   49.7699356
833,  -9.21455193,  -6.05325747,   50.0157928
834,   11.5702229,  -1.40741181,   49.7768135
835,   4.04301691,  -11.7897959,   49.4479332
836,  -12.2056265,   5.48684931,   49.0424423
837,  -5.25838804,   12.0101252,    49.165844
838,  -4.21204042,  -11.5389214,   49.5234528
839,   6.40889215,  -15.7636509,   47.0754166
840,   6.56667042,   15.8202515,     47.00457
841,  -6.40001535,  -15.7521343,   47.0842094
842,  -6.61501694,   15.7907934,    47.010006
843,    12.354969,   5.30200481,   49.0136375
844,   5.20828724,   12.0019121,   49.1781998
845,  -12.4127674,  -5.13289452,   49.0193748
846,   4.64411068,  -7.89601707,   50.6357918
847,  -4.49707127,  -7.22605133,    50.822361
848,  -0.26083079,      7.86833,   50.9914551
849,   4.72745514,   6.24112654,   51.0023842
850,  -4.51246929,   6.09404898,   51.0635719
851,   6.07605076,   4.13339806,   51.1197548
852,  -6.59992075,   3.87413335,   51.0463867
853,  -8.12112617, -0.746066928,   50.9183311
854,  -2.74226189,   7.77357769,   50.8950653
855,  -1.30033326,  -8.38128281,   50.8305054
856,   1.73986888,  -9.00879478,   50.6313782
857,  -8.29119205,   1.71433985,   50.8346214
858,  -6.71559429,  -5.73499489,   50.7322693
859,   6.79485941,  -5.77258015,   50.7078209
860,  -13.4022141,   26.6630325,   31.5276165
861,   13.4029026,  -26.6640949,   31.5243645
862,   13.3527412,   26.6334496,   31.6524715
863,  -13.3527508,    -26.63344,   31.6524811
864,  -29.1911354,   12.5564451,   23.7450314
865,   29.1911354,  -12.5564451,   23.7450314
866,  -12.3024282,   29.2017174,   24.4370365
867,   12.3024282,  -29.2017174,   24.4370365
868,  -12.2962799,  -29.2017956,   24.4534531
869,     29.38344,   12.1718702,   23.5047207
870,   12.2962799,   29.2017956,   24.4534531
871,   7.90405178,   19.4498863,   44.1250954
872,  -7.87621784,  -19.4404182,   44.1418076
873,  -8.13807869,   19.2657337,   44.1948776
874,   12.5979786,  -25.2157631,   35.1227951
875,  -12.5970898,   25.2139893,   35.1264915
876,   8.10309696,  -19.2633533,   44.2084961
877,  -29.0222683,  -12.9904757,   23.5743637
878,  -30.0419693,  -9.70409012,   25.2009449
879,   11.5743771,   -4.4940958,   49.4679832
880,  -0.86523068,  -2.91911578,   51.8298149
881, -0.270197868,   2.87686157,   51.8442574
882,   -2.9519949, -0.116275504,   51.8383217
883,   2.64747119,   1.19743502,   51.8427887
884,  -7.37781143,  -3.39570713,   50.9271584
885,   8.51153469,   -4.1485548,   50.5420151
886,   2.47790885,   7.21632957,   51.0520592
887,   6.97609091,   1.74949968,   51.1562843
888,   6.10332489,  -3.00976396,   51.2430305
889,  -11.5071487,  -23.0284233,   38.9822769
890,   11.5078049,   23.0286503,   38.9816055
891,  -29.8762894,   9.11222553,   26.9301777
892,   29.8762894,  -9.11222553,   26.9301777
893,  -12.3908424,  -24.9693871,   35.6911163
894,   12.3908873,   24.9694424,   35.6909904
895,   8.97032356,  -1.02335489,   50.6749191
896,   2.72092795,  -2.24772024,   51.7797699
897,    5.9766798,  -14.1855192,     43.36409
898,   9.84289551,  -25.6302204,   25.4712772
899,   8.87492466,  -24.8654861,    29.299324
900,   8.39861107,  -23.5228748,   32.6295357
901,   8.37185764,  -21.6514378,   35.6315231
902,   8.13909531,  -19.3437443,   38.5107536
903,   7.19519663,  -16.7629147,   41.2172508
904,   12.2815046,  -24.0264149,   27.4513493
905,   11.7473192,  -23.1770649,   30.4068642
906,   11.2397556,  -21.9946365,   33.1622467
907,   13.4629908,  -13.0749445,           4.
908,   14.6896477,   12.2280998,           4.
909,  -13.4629908,   13.0749445,           4.
910,  -14.6896477,  -12.2280998,           4.
911,   19.0076618,   1.12497044,           4.
912,   1.34069717,   19.2312698,           4.
913,  -19.0076618,  -1.12497044,           4.
914,  -1.34069717,  -19.2312698,           4.
915,   9.20186234,  -16.6445446,           4.
916,  -9.20186234,   16.6445446,           4.
917,  -18.3381252,    5.4836297,           4.
918,   18.3381252,   -5.4836297,           4.
919,   17.2829628,    6.8255558,           4.
920,  -17.2829628,   -6.8255558,           4.
921,  -10.3530378,  -16.2236996,           4.
922,   10.3530378,   16.2236996,           4.
923,  -3.48872399,   18.3323898,           4.
924,   3.48872399,  -18.3323898,           4.
925,  -16.4485416,   10.4559383,           4.
926,   16.4485416,  -10.4559383,           4.
927,  -8.39347458,   25.4416485,   2.47435284
928,  -8.50621128,  -25.4977036,   2.61089778
929,   8.16397953,  -25.5278683,    2.4913516
930,   8.27542877,   25.5850677,   2.62789369
931,   29.2431145,   12.1532993,   15.3774271
932,   28.5321655,   11.8973684,   11.7064819
933,   26.8322582,   11.2219267,    6.6296382
934,   26.2213364,   6.78279734,   2.93282437
935,    26.225563,  -6.76672554,   2.93293977
936,   28.7949123,  -13.2770243,   15.6652641
937,   28.4719524,  -12.3066206,   12.1076431
938,   26.8556499,  -11.2239971,   6.67852211
939,   13.8049889,  -25.7753067,   6.97283649
940,    13.000783,  -23.9216976,   3.16034794
941,   10.0465174,  -29.4065552,   12.3381004
942,   9.52750874,  -28.1636581,   8.14134693
943,   3.56926441,   -26.730135,   2.74825311
944,  -4.67247105,  -26.4758511,   2.61994815
945,  -10.3314047,  -29.2893124,   12.2679567
946,  -9.59727192,  -28.1817112,   8.24112415
947,  -13.4555063,  -26.2236061,   7.51417446
948,  -13.4516287,   -24.069294,   3.73544073
949,  -28.8692379,  -13.1978321,   15.9272327
950,  -28.6070194,  -12.2156477,   12.4639015
951,  -26.8855896,  -11.2720079,   6.78002691
952,  -26.2292023,  -6.78842115,   2.94717503
953,   -26.225563,   6.76672554,   2.93293977
954,  -28.7949123,   13.2770243,   15.6652641
955,  -28.4719524,   12.3066206,   12.1076431
956,  -26.8556499,   11.2239971,   6.67852211
957,  -13.8273115,   25.7632618,   6.97268534
958,  -13.0478935,   23.8964062,   3.16087461
959,  -10.0525398,   29.4043617,   12.3375816
960,  -9.57756996,   28.1449146,   8.13716698
961,  -4.63980484,   26.4623947,   2.59068584
962,   3.59686971,   26.7424755,   2.77316761
963,   10.3253231,   29.2916107,   12.2685423
964,   9.54866314,   28.2000217,   8.24545574
965,   13.4264135,   26.2388916,   7.51497126
966,   13.4095669,   24.0924835,   3.73504138
967,   25.1042366,    13.740696,   5.65819263
968,  -7.32641506,  -27.3249035,   5.01927376
969,   7.08550692,   27.4024086,   5.04502773
970,  -25.1232033,  -13.7713709,   5.72107124
971,   7.04539776,  -27.3653431,   4.95831347
972,   25.1144791,   -13.740159,   5.67564821
973,  -25.1144791,    13.740159,   5.67564821
974,  -7.28538513,   27.2879505,   4.93201399
975,  -30.2203484,  -9.21104908,    14.887043
976,  -12.2766809,  -29.2815762,   15.9909716
977,   12.2756748,    29.282011,   15.9910641
978,   23.3093414,   13.7898006,   2.93045545
979,  -23.3148613,  -13.7970753,   2.94389606
980,   23.3152237,  -13.7823658,   2.93248749
981,  -23.3152237,   13.7823658,   2.93248749
982,   25.5202713,   10.6242743,   3.85541463
983,   -25.531229,   10.6133432,   3.86556959
984,    25.531229,  -10.6133432,   3.86556959
985,  -25.5431366,  -10.6450844,   3.90543699
986,  -27.4817352,  -8.16079044,   5.75683641
987,   27.4355049,    8.1335535,   5.65233135
988,  -27.4541855,   8.14374256,   5.69397879
989,   27.4541855,  -8.14374256,   5.69397879
990,  -28.6940994,  -9.56378269,   9.52592945
991,   28.5403538,   9.47746468,    9.0376215
992,  -28.5900993,   9.62410069,   9.29870701
993,   28.5900993,  -9.62410069,   9.29870701
994,   29.8784065,  -9.71354961,    13.898159
995,  -29.8784065,   9.71354961,    13.898159
996,   29.7249565,    9.2077198,   12.5154324
997,   10.3794127,  -26.3305855,   5.04286861
998,    10.418314,   26.4796524,   5.33644867
999,  -10.5352669,  -26.4296837,   5.32984924
1000,  -13.9579697,    28.104044,   13.7030029
1001,   13.9559336,  -28.1050816,   13.7031183
1002,   26.8336697,   13.5710907,   9.03059483
1003,  -26.8215961,   13.6921558,   9.15246582
1004,   26.8215961,  -13.6921558,   9.15246582
1005,   14.1779814,   27.8280926,    13.004899
1006,  -14.1808128,  -27.8266048,   13.0047159
1007,  -26.8748264,  -13.6867905,   9.27846813
1008,  -10.4958048,   26.2808056,   5.03653193
1009,   12.9904938,  -27.6294003,   10.3904514
1010,    -13.00632,   27.6217079,     10.38974
1011,    13.004015,   27.6184769,   10.3773108
1012,  -13.0210705,  -27.6101265,   10.3764095
1013,   27.3721542,  -14.8865547,   12.6841898
1014,  -27.3721542,   14.8865547,   12.6841898
1015,  -11.0401173,   29.7384109,   15.7627678
1016,   11.0384827,  -29.7390366,   15.7628994
1017,  -27.4292336,  -14.8535223,   12.8328533
1018,   27.4990349,   14.5654325,   12.5150089
1019,  -14.2562561,   28.5388908,   17.4668236
1020,   14.2556515,   -28.539196,   17.4668636
1021,   9.74524879,  -25.5339165,   13.8881741
1022,   8.95985603,  -24.5271339,   9.86851501
1023,   9.59844685,    -22.70998,   6.70371342
1024,   12.2447624,  -23.8360081,    11.856452
1025,   11.9574041,  -22.9270515,   9.23390579
1026,   7.46095037,  -6.36215782,   48.3947983
1027,   10.3279428,  -6.10619116,   47.8590164
1028,   9.43870735,  -2.71330452,   48.6498451
1029,   5.66588354,  -5.44343996,   48.8930969
1030,   4.48843336,  -5.10016823,   47.0004654
1031,   6.49229574,  -8.11023998,    47.622551
1032,   6.79730606,  -3.11159277,   47.8678665
1033,   -2.0565021,  -1.27555001,   49.5590668
1034,   1.48171461,  -1.42493594,   47.4109917
1035, -0.289905846,  -2.96668339,   49.4844398
1036,  -2.76186037,  -1.08346212,   47.2258797
1037,  0.770502687, -0.853402674,   49.6492882
1038,  -4.28943968,  -1.22646248,   49.4630585
1039, -0.303879291,   1.07621145,   48.4415588
1040,  -2.42978024,   2.84161711,   48.4551048
1041,    1.5610944,   5.27854872,   49.2624931
1042,  0.357792646,   7.29095173,   49.0712166
1043,   2.83638644,   3.31123686,   49.3270454
1044,  0.420948863,   2.57645154,   49.7161369
1045,   0.19593747,   4.30948114,   47.2160797
1046,   3.73417783,   6.24191713,   49.1724625
1047,   2.74094963,   6.13408232,    47.134922
1048, -0.997180879,   5.43185568,   49.4126472
1049, -0.0187793914,   -10.443532,   47.4309158
1050, -0.097321853,  -9.88989735,   49.0410614
1051,  -2.93346238,  -9.96628857,   47.7826118
1052, -0.00698075816,  -7.48411894,   47.8531647
1053,  -2.98275614,  -6.68083191,   47.8813744
1054,   1.80661547,  -11.1252413,   47.6948814
1055, -0.448717117,  -4.61756325,   47.0024185
1056,   1.52221811,  -4.56063366,   49.0479813
1057,  -10.6455212, 0.0271769371,   47.8136215
1058,  -1.70373762,  -4.39715958,   49.3440857
1059,   7.57538891, -0.723101795,   48.0202103
1060,   9.66535378,  0.306240588,   48.1929321
1061,   7.99678993,   1.57354784,   47.9876595
1062,   4.95049667,   1.03994644,   49.0904465
1063,   3.77045083,  -2.12659526,   48.4751968
1064,   10.2873516,  0.118684798,    46.884201
1065,  -9.01852036,  0.551650584,   48.3392487
1066,  -11.7558832,   2.42437482,   47.2922745
1067,    5.1470294,  -10.4119415,    47.169632
1068,    8.0791626,   3.92779779,   47.6369095
1069,   12.2509651,   2.51720047,   47.3357887
1070,   10.4499531,   5.84490681,   47.7584915
1071,   5.26750803,   5.13133764,   48.2474136
1072,   4.25752449,   2.37634706,   47.3124199
1073, -0.121367566,   9.23109436,   48.3949509
1074, -0.300982207,   10.0380611,   47.0262833
1075,   3.18358302,   8.96273041,   47.8024559
1076,  -3.47192907,   6.36942005,   49.1043053
1077,   -3.2125895,   9.20554447,    47.688118
1078,  -11.3733892, -0.0373047926,   46.4199944
1079,   11.8919497,  -1.67640197,   47.4798546
1080,   7.63687038,   6.65804815,   47.2765198
1081,   7.10627699,   23.4373074,   37.7455978
1082,  -10.7153568,  -1.06296825,   47.5691643
1083,   2.68976283,  0.679931402,   48.7640152
1084,   9.87825298,   23.1588631,   4.04402161
1085,  -9.58514118,   23.6610165,   4.40102434
1086,  -7.47138405,   26.3446922,   7.40005159
1087,  -8.78545284,  -7.09758568,   47.5534744
1088,   -10.590477,   -5.7623682,   47.3786812
1089,  -7.52128887,  -4.36800623,   48.1026154
1090,  -7.24288416,   -7.3536396,   47.5211449
1091,   6.80322742,  -26.0028172,    6.5977211
1092,  -5.05418825,   4.31785488,   48.1372299
1093,  -6.57081461,   7.53795719,   47.3989754
1094,  -7.31666422,   5.99614191,   48.6136513
1095,  -7.89232874,   3.44099402,   48.1280632
1096,  -6.01423883,  0.746254563,   49.1291809
1097,   2.87588978,  -7.24409866,   47.7413788
1098,   2.01634789,   11.3062887,    47.588398
1099,   6.25475168,   10.8235254,   46.9097824
1100,   6.44645834,   7.86562014,   47.0268402
1101,  -24.9276619,   7.77389812,   5.24584293
1102,   7.83064079,   7.81576681,   47.8227119
1103,  -7.34869862,   8.42720795,   48.6523438
1104,  -7.17676353,    7.1512413,    47.485405
1105,   28.3418941,   8.28819561,   17.4664516
1106,  -26.1270542,  -14.3550148,   17.9135418
1107,   -25.859333,  -14.5356379,   21.8198185
1108,  -6.99071932,  -1.59218836,   48.4577179
1109,   -3.3198328,    12.373333,   46.9671288
1110,  -6.14003944,   11.2034864,   47.3517799
1111,   14.0714788,    7.0126977,   45.4455605
1112,  -8.58054638,     28.68713,   22.7680187
1113,   8.54578972,   28.6625099,   22.7849445
1114,    -26.87673,   10.0965099,   11.7812099
1115,  -26.2729797,   13.3634014,   14.1713438
1116,  -28.7226295,   9.05227757,   17.2013893
1117,  -8.24991131,  -26.0466747,   6.60879326
1118,  -10.3075361,  -26.3668842,   9.81079102
1119,  -11.0841703,   6.03099442,   47.4943161
1120,   -14.477355,   4.82449389,   45.7435493
1121,  -14.0672913,   -7.0027523,   45.4345703
1122,  -14.0552111,   25.6554031,   24.2292786
1123,   13.9146557,  -26.1594372,   21.9686451
1124,   -26.987545,  -7.17087412,   8.34758949
1125,  -25.1051292,  -7.29101515,   4.91964817
1126,  -8.29239082,   28.6015434,   17.1489964
1127,   7.64796638,   7.32929611,   48.7253532
1128,   13.7041292,  -4.37000227,   46.0346031
1129,   13.3690853,   -7.1388154,   45.8782196
1130,  -19.8422756,    -6.216887,   41.2541389
1131,  -24.9326897,   -7.2996192,   34.9538689
1132,  -4.58683062,   -4.1901536,    48.162693
1133,   24.7270927,    10.037529,   6.22212934
1134,   25.7878418,    10.000042,   8.48704624
1135,   8.35427284,  -8.46086979,    48.925972
1136,   8.40639687,  -28.4576187,   17.6170521
1137,   13.8779144,   24.9827576,   10.8798504
1138,   26.2505875,   13.8014717,   24.9026623
1139,   28.2185116,    8.7482357,   23.7851067
1140,   9.70581818,  -23.2605209,   3.96540761
1141,  -7.17617989,  -27.3297806,   30.6095181
1142,  -12.8301697,  -23.2561913,   6.91591883
1143,  -9.77000618,  -23.2038097,   3.81182694
1144,   -8.3609724,  -28.3381443,   17.2697563
1145,  -14.1021719,  -25.8951378,   16.9301205
1146,   26.5706005,   11.9605036,    13.561657
1147,   27.6091576,   8.80728817,   11.6610689
1148,   24.4902935,  -11.7340593,    5.3975625
1149,   11.3282032,  -21.7460785,   37.0078125
1, -7.65404223e-16,           0.,   45.0299225
