836,1066,1119
381,714,1137
22,23,1066
16,248,606
125,360,1125
227,430,729
351,515,945
575,1016,1136
33,516,626
148,422,423
972,980,1148
413,414,981
367,692,995
809,861,905
307,540,541
568,589,874
118,406,407
550,699,1126
490,687,975
495,795,796
395,423,424
267,504,794
176,702,706
99,100,1127
291,838,841
665,671,1045
198,285,508
820,888,1059
66,105,825
820,1059,1062
5,54,658
86,787,1119
765,844,1099
45,46,304
68,107,108
825,859,1026
126,189,361
142,170,172
807,855,1052
146,147,395
323,324,329
73,838,847
656,1092,1094
103,591,897
718,967,1002
14,656,662
420,741,742
118,748,921
636,637,641
73,75,824
116,201,202
83,84,836
39,71,291
484,610,785
563,582,808
440,648,1138
896,1037,1056
139,163,966
767,862,894
928,968,1117
999,1117,1143
593,939,1009
901,902,1149
132,179,981
498,555,949
803,889,893
663,673,1089
659,661,1030
520,802,1141
577,1021,1022
258,1066,1095
1049,1050,1051
1042,1048,1076
139,144,966
305,643,1138
627,634,800
8,96,840
244,245,604
427,731,733
381,382,1137
79,80,277
352,945,946
411,734,735
603,604,875
938,972,1148
1051,1053,1090
296,536,537
612,782,783
452,840,871
615,619,878
359,360,689
881,882,1044
1080,1100,1102
313,314,437
554,618,878
124,130,186
677,1040,1076
647,650,758
133,173,371
239,598,602
16,90,247
652,1049,1051
79,1078,1082
321,332,918
359,689,985
556,976,1145
46,1026,1027
967,982,1133
288,630,889
476,612,864
344,345,910
723,726,937
81,790,791
370,413,751
809,810,874
700,959,1126
489,864,891
598,602,890
516,632,872
208,530,573
192,498,1106
250,470,875
727,938,1148
1041,1043,1047
431,432,596
127,694,973
69,70,1049
123,407,746
356,1006,1145
2,600,764
472,473,777
421,422,742
80,277,845
400,427,731
73,74,291
225,230,940
718,933,1002
363,1003,1014
562,809,899
558,897,903
1053,1055,1132
788,1094,1119
707,966,1084
939,1022,1025
369,751,917
156,203,972
245,463,775
956,988,1101
118,354,406
153,426,733
883,1037,1039
539,931,1105
283,627,628
825,846,859
655,1078,1082
595,596,753
215,564,583
608,782,891
344,748,750
44,304,640
47,654,670
612,614,783
450,549,709
43,298,572
855,856,1050
330,732,911
792,882,1038
666,1030,1032
256,611,613
121,191,358
156,980,1148
83,790,1066
700,703,1000
109,558,578
564,565,1020
183,988,992
644,648,649
238,453,871
156,401,1148
3,4,237
137,380,418
615,877,1107
604,605,778
316,648,649
430,431,729
448,449,871
780,850,852
837,1077,1109
314,438,758
174,374,1112
281,282,1141
419,420,741
14,656,1093
657,669,672
440,755,756
281,629,1141
79,1057,1078
10,243,461
270,877,1107
47,304,654
270,615,1107
281,802,803
494,620,1131
433,929,943
286,634,800
251,471,472
405,406,948
853,1096,1108
576,594,1136
946,968,999
780,850,1094
503,504,794
525,642,814
528,529,817
666,675,1059
1077,1109,1110
277,1087,1088
1061,1068,1069
576,941,1136
781,881,882
879,1027,1028
154,730,907
880,1035,1037
536,637,814
828,1099,1100
637,641,814
630,802,803
128,129,953
8,238,452
44,818,1129
612,782,864
306,307,540
502,623,795
142,158,740
563,808,898
630,804,889
597,602,890
36,632,841
537,636,892
127,179,181
1030,1056,1097
500,798,1121
505,615,793
603,777,860
807,1052,1097
779,1094,1103
674,681,1055
292,293,639
8,96,237
335,350,739
656,667,1092
42,296,537
678,1034,1063
602,769,890
274,275,622
888,1029,1063
42,537,636
68,107,1049
163,164,421
216,226,1020
846,1029,1097
388,420,1084
433,728,753
565,566,1123
100,1102,1127
175,177,957
888,1059,1063
564,583,594
155,156,203
129,186,412
28,80,277
248,468,606
13,94,1074
199,946,1117
176,473,551
676,678,1056
74,291,841
400,428,754
710,712,714
142,158,419
679,681,1039
663,1089,1090
326,388,912
56,436,1111
781,1040,1092
9,251,777
166,383,708
794,795,1131
653,1073,1075
658,668,671
548,713,977
235,448,598
237,658,1075
321,332,907
1026,1028,1032
395,424,744
451,710,964
156,205,402
242,460,1112
297,572,573
143,742,743
305,546,547
191,499,1007
598,769,871
322,323,330
217,1023,1091
682,1072,1083
145,150,717
704,957,1010
1065,1082,1108
521,628,801
139,144,163
346,734,745
805,880,1058
36,513,841
770,844,1098
253,612,864
585,1001,1020
214,306,1139
304,654,1079
821,881,882
51,760,1111
94,95,1098
8,452,840
813,1029,1056
960,974,1086
10,374,460
525,526,815
60,827,1064
258,787,1119
419,420,930
763,771,1041
771,886,1041
762,765,849
297,572,936
305,547,869
24,258,610
791,1088,1089
765,770,844
176,551,702
376,703,1019
963,977,1005
153,400,427
120,195,948
323,329,919
700,704,959
276,622,624
123,407,748
345,745,920
658,668,1047
18,552,698
57,761,843
140,388,711
400,427,733
19,86,787
556,627,868
946,999,1117
241,455,767
96,237,844
651,653,665
199,352,1117
678,1055,1056
340,345,910
779,1077,1110
379,705,958
248,469,873
261,608,609
846,1029,1031
208,397,530
558,876,903
341,910,921
90,247,1109
956,983,988
222,433,728
595,943,971
821,880,1033
1034,1037,1056
535,536,637
567,811,861
957,960,1008
630,889,893
807,880,1058
763,849,1071
249,604,778
100,101,1102
941,1016,1021
63,65,1027
136,738,909
941,1021,1136
143,148,743
267,503,504
833,858,1090
799,1038,1132
722,937,1013
317,643,648
336,909,916
813,1056,1097
145,213,987
808,811,904
240,597,1081
218,942,1091
396,424,934
368,695,992
723,1004,1013
722,725,726
855,856,1052
895,1059,1060
222,595,924
105,106,1067
137,739,912
285,286,634
252,263,607
338,347,917
115,116,201
624,796,1130
171,173,1086
318,1054,1067
781,852,1096
395,423,978
709,710,712
698,954,1115
24,258,1120
184,489,553
378,705,957
1076,1093,1094
275,276,1130
26,192,269
384,385,708
415,737,738
549,708,870
381,442,1137
466,703,1019
856,1054,1097
79,81,1057
818,1128,1129
76,77,833
43,297,298
250,251,875
851,1043,1071
45,63,1027
10,460,461
200,283,521
482,995,1116
128,369,695
55,1070,1111
225,940,1023
608,614,783
312,670,1068
52,53,1069
460,773,866
333,334,915
683,945,1006
133,701,705
242,251,777
151,152,935
42,297,573
393,719,1018
715,996,1105
325,327,922
828,1099,1102
128,953,988
529,817,818
143,148,422
761,851,1068
78,500,798
258,787,1066
227,596,729
234,601,890
25,264,625
514,557,1144
681,1034,1036
245,464,778
854,1048,1076
103,106,897
852,1095,1096
574,941,942
18,182,698
645,757,758
126,361,688
655,1065,1066
125,952,1125
360,410,745
254,478,612
234,235,890
355,506,1006
118,119,354
213,721,987
262,607,608
694,695,956
1049,1051,1052
1059,1060,1064
809,874,905
344,746,748
270,362,975
91,93,1074
327,742,922
562,581,809
399,531,726
671,1047,1075
932,1002,1134
348,751,925
287,509,863
300,526,815
3,4,1099
368,695,697
725,726,994
1043,1047,1071
127,181,363
1022,1024,1025
136,379,738
405,406,750
833,1087,1089
722,723,937
724,727,1148
806,856,1054
327,741,912
774,860,875
322,330,911
855,1051,1053
722,936,937
298,641,865
86,836,1119
42,397,725
53,312,1069
409,952,985
106,835,1067
395,967,1133
398,725,726
348,736,751
181,363,1003
124,360,410
687,688,690
139,163,165
615,793,877
880,1033,1035
319,334,753
822,832,1127
806,1050,1054
132,179,180
607,608,612
23,83,1066
964,965,1011
276,497,1130
154,429,730
56,312,646
678,680,1034
435,1002,1018
305,869,1138
304,819,1027
303,529,817
771,1042,1048
661,664,676
242,251,603
474,475,1014
85,829,836
946,947,1118
721,987,1133
46,1026,1031
125,126,1125
20,21,85
288,630,893
167,169,969
439,648,756
154,228,430
1001,1009,1021
807,855,856
844,1075,1098
36,74,513
643,648,1138
118,123,407
811,867,1123
141,388,969
939,997,1023
10,243,773
389,420,741
284,683,976
604,774,875
637,638,815
60,827,1079
1055,1058,1132
1034,1035,1036
7,95,96
716,719,1134
600,764,862
723,727,1004
153,210,426
3,98,840
927,961,974
1030,1031,1097
615,618,619
799,805,1058
91,1074,1109
653,671,1042
896,1035,1056
719,1002,1134
149,396,732
705,958,1085
292,293,817
72,626,841
441,755,869
556,557,868
266,502,503
33,40,72
301,638,815
716,719,1147
381,382,712
957,960,1010
597,602,1081
133,974,1086
687,949,975
369,413,983
205,972,1004
20,85,1119
570,571,903
7,96,1098
295,536,637
403,723,1013
382,442,443
11,465,842
31,663,1087
929,943,971
184,553,1116
150,212,934
251,472,860
1059,1064,1079
117,353,749
602,769,1081
150,396,425
531,726,993
303,639,640
630,803,804
1033,1035,1058
18,253,864
110,318,897
831,1103,1110
761,887,1061
622,623,796
475,954,1115
246,464,465
298,524,641
335,752,923
566,587,811
6,94,1098
799,1053,1132
391,538,1147
641,865,892
256,613,784
255,256,479
353,354,1143
11,92,465
761,1061,1069
168,384,385
265,622,796
239,598,769
129,369,953
627,800,868
51,646,760
936,937,1013
689,951,1125
560,810,900
685,999,1117
129,186,953
79,1057,1082
772,848,854
452,453,871
265,502,623
379,958,1085
74,838,841
1005,1011,1137
117,157,944
33,278,626
791,1082,1089
772,837,1109
238,452,599
1016,1021,1136
440,648,755
26,270,1106
481,785,786
82,83,790
550,551,1019
252,263,864
499,1007,1017
191,193,970
899,900,905
77,1087,1088
255,256,613
2,232,764
360,410,734
508,627,634
540,541,755
190,271,492
373,374,1112
98,844,1099
661,1067,1097
56,102,436
301,527,639
297,636,641
432,596,1140
226,586,594
125,410,952
717,718,1133
575,576,1136
10,242,603
496,622,1130
25,32,277
232,764,862
301,639,816
324,325,743
108,110,835
333,729,907
805,807,855
254,478,614
145,150,211
254,612,614
175,378,467
687,949,1017
763,849,886
335,336,916
558,559,903
336,349,916
1036,1058,1132
888,1032,1059
595,728,753
231,383,708
781,850,852
249,470,778
352,683,684
396,732,744
501,624,797
780,788,852
183,695,988
1,457,1113
173,371,1086
387,711,964
789,852,1096
143,148,908
83,788,1066
9,242,706
1062,1063,1072
46,304,659
364,696,698
603,860,875
273,274,1131
287,633,635
179,973,981
847,855,1053
594,1016,1021
594,1021,1136
186,411,412
31,38,1090
496,622,796
509,510,863
168,385,450
654,666,675
564,594,1016
555,949,1106
307,308,644
217,221,1091
951,986,990
240,767,768
429,730,754
337,348,909
220,221,971
534,638,815
347,736,917
47,654,1079
321,322,331
693,696,1003
1042,1073,1075
885,1028,1032
432,596,940
781,1040,1096
284,285,556
200,514,1144
581,809,900
765,849,886
242,374,699
880,1033,1037
373,699,1126
788,852,1095
25,500,1121
32,78,1121
46,1031,1135
788,1065,1095
474,1003,1014
77,78,1088
143,422,742
688,690,1007
780,829,1094
692,696,955
286,633,634
459,1015,1126
946,947,999
503,617,794
577,1022,1091
136,178,416
881,1044,1048
119,120,354
410,411,734
349,350,747
494,495,1131
688,990,1124
648,755,1138
215,563,564
554,555,949
585,1001,1024
182,476,552
695,988,1101
789,792,882
1060,1064,1069
137,380,961
21,88,1104
122,359,408
52,58,1069
478,479,783
665,677,679
131,132,180
1033,1034,1035
107,108,1049
852,857,1096
198,285,556
932,1018,1146
429,430,730
176,551,706
127,363,694
848,854,1042
819,879,1027
637,642,815
130,369,735
10,460,773
301,527,815
445,446,862
305,931,1105
19,481,610
949,1017,1106
203,205,972
601,602,890
422,742,743
158,418,739
104,106,318
550,1015,1019
87,88,823
667,673,1065
820,887,895
590,591,902
192,555,1107
88,823,831
686,999,1118
27,270,975
47,60,1079
369,953,1101
300,525,526
774,775,875
861,899,904
565,594,1123
369,370,413
28,29,277
104,105,106
655,1066,1078
133,705,1085
241,766,767
887,1059,1061
601,767,768
17,366,1116
133,138,974
21,656,1119
824,847,1090
432,596,753
42,208,725
941,1009,1022
85,86,1119
136,379,916
722,936,994
270,554,555
357,687,1017
166,548,713
120,355,1142
468,606,842
719,932,1147
276,625,1130
809,861,874
312,1080,1102
851,1043,1062
664,674,1055
939,942,997
550,699,866
799,805,847
524,525,814
282,520,521
253,476,864
692,697,1114
55,1070,1102
937,1004,1013
155,401,429
88,89,1104
824,858,1090
47,48,61
191,691,1007
790,853,857
703,704,1000
707,966,998
458,701,960
560,810,902
576,594,1021
15,90,247
689,985,1125
779,1076,1093
629,802,863
58,312,760
667,1065,1096
367,482,995
673,1082,1089
131,370,925
498,949,1017
1034,1036,1039
75,824,1090
354,405,948
220,595,1091
72,291,838
512,631,804
285,627,634
705,958,1008
932,1134,1147
571,839,897
28,497,1121
791,884,1089
653,665,1042
586,811,898
274,621,1131
488,608,891
226,592,1020
497,797,1130
501,502,796
333,907,915
683,945,1144
213,721,991
678,1034,1056
850,852,1092
382,443,1005
293,533,534
149,426,732
222,595,728
645,650,757
945,1012,1118
245,604,775
332,754,918
651,662,665
135,379,416
420,966,1084
435,719,1018
105,846,1031
724,938,972
142,158,170
788,857,1065
245,775,778
598,599,871
70,806,1050
377,704,1000
305,392,720
149,150,396
348,917,925
379,417,1085
64,819,1027
142,740,912
391,715,1147
560,561,900
493,619,620
680,1034,1039
231,708,870
111,343,914
9,472,473
296,537,636
6,94,95
205,724,972
701,705,1010
770,886,1075
933,987,1133
36,37,74
282,521,801
7,8,237
551,866,1122
61,834,879
608,612,783
49,305,547
665,1042,1076
244,604,774
434,435,1018
710,1011,1137
68,318,1049
379,752,916
152,400,935
693,992,1003
265,622,624
791,845,1082
1009,1021,1022
684,686,1118
478,613,614
700,959,1000
763,881,1044
144,163,164
276,797,1130
33,40,626
364,474,475
138,171,961
997,1091,1140
954,995,1116
499,690,1017
91,772,1109
928,1117,1143
896,1062,1083
297,722,725
334,728,753
295,296,536
341,344,921
932,996,1147
712,977,1005
277,663,1087
696,955,1014
586,594,898
108,835,1054
688,691,951
392,434,547
391,996,1105
615,616,793
505,877,1107
350,747,752
1032,1059,1063
1033,1034,1037
291,652,657
242,866,1122
31,38,663
151,209,989
318,835,1054
130,411,734
127,694,981
512,631,872
188,410,952
35,198,556
135,136,178
675,1061,1068
289,511,889
283,521,628
113,335,739
980,984,1148
712,1011,1137
113,327,740
405,948,1143
380,974,1085
318,835,1067
882,1033,1039
714,964,998
408,409,745
806,855,1050
1041,1042,1045
10,603,773
225,939,940
292,639,640
724,938,1148
483,697,992
194,408,979
395,396,717
966,998,1084
414,737,751
570,590,1149
714,964,1011
261,486,487
657,663,1132
58,843,1069
297,573,725
806,835,1054
287,510,635
327,741,742
3,98,1099
560,579,901
50,305,306
154,204,429
56,102,1111
140,141,169
731,754,918
154,155,429
701,704,705
508,634,800
573,636,865
603,773,774
436,646,759
133,138,171
952,985,1125
286,509,800
220,221,223
667,1040,1092
34,283,557
125,187,952
124,410,411
370,737,925
64,818,819
115,353,685
667,1096,1108
574,577,941
44,529,1129
127,179,981
317,643,1138
119,196,406
245,246,464
242,777,1122
126,688,689
683,945,1012
189,986,990
1029,1030,1032
829,1104,1119
615,616,619
54,660,1080
516,626,632
322,733,918
281,629,802
386,450,709
861,904,905
820,895,1059
119,195,948
345,746,910
24,484,610
315,316,439
439,649,757
665,671,1042
560,579,580
100,832,1127
151,400,989
30,82,1057
22,23,258
359,979,985
810,901,1149
213,987,991
212,425,934
252,692,698
820,883,1062
171,974,1086
189,986,1124
284,351,683
220,943,971
986,990,1124
59,60,827
656,662,1093
389,421,742
888,1032,1063
578,897,903
282,520,1141
927,958,1085
694,956,1003
67,104,1031
261,487,609
121,359,689
401,724,1148
705,1008,1086
597,601,767
142,158,172
396,424,982
488,489,891
974,1008,1086
529,818,1129
46,65,1135
277,845,1121
143,144,389
344,748,921
113,326,327
67,104,105
267,503,794
40,72,291
444,764,870
711,930,1084
765,1075,1099
643,648,755
256,611,784
46,65,1027
73,74,838
551,706,866
839,876,897
332,730,926
13,247,651
718,967,1133
352,515,945
208,397,725
66,67,1135
20,258,1119
956,992,1003
354,405,750
428,731,754
672,1051,1052
682,1045,1083
39,40,291
788,852,857
304,819,1128
286,508,509
270,555,1106
747,752,916
1029,1032,1063
413,981,983
396,744,919
985,986,1125
827,834,895
156,972,1148
45,46,1027
173,974,1086
791,833,845
159,161,967
832,1070,1080
548,708,870
1009,1021,1024
299,525,642
824,833,1090
294,295,535
700,1015,1126
931,996,1105
696,955,1003
856,1067,1097
270,554,975
395,396,919
49,317,1138
551,702,706
294,535,638
688,990,1007
761,851,887
208,537,573
520,801,1141
260,609,611
653,1042,1073
312,660,670
28,625,1121
168,384,457
792,853,884
717,718,721
134,135,379
15,16,247
216,226,586
141,388,962
143,743,922
353,404,928
405,928,948
689,1124,1125
582,583,898
779,837,1110
353,405,749
190,491,554
1051,1052,1053
226,565,594
281,282,520
619,620,794
43,297,722
771,776,881
1033,1034,1039
312,843,1070
297,298,641
267,616,794
379,416,958
293,638,816
134,957,958
659,666,676
840,844,1099
165,442,1137
1009,1024,1025
393,434,435
64,818,1129
360,734,745
591,902,903
111,342,343
37,73,291
109,318,897
496,497,1130
396,732,911
559,560,810
666,1063,1072
248,606,873
55,56,102
370,413,414
1035,1036,1055
834,1028,1079
124,410,734
206,524,572
266,502,617
355,683,1006
680,1034,1083
828,1102,1127
779,780,831
11,465,606
660,1068,1080
607,782,864
666,675,680
68,69,1049
945,976,1006
113,350,739
137,158,740
78,798,1121
380,739,752
156,402,724
148,422,743
762,822,828
693,694,1003
26,270,615
381,712,714
781,1038,1096
157,728,749
48,61,62
386,709,963
335,752,916
635,802,863
106,839,897
54,658,660
277,673,1082
38,75,1090
54,55,101
13,93,94
118,123,910
655,1066,1095
1093,1103,1110
992,995,1114
363,364,474
640,818,1129
495,496,796
388,741,922
4,5,237
111,114,343
302,303,528
486,487,609
259,484,485
235,448,890
372,373,459
762,828,1127
277,663,673
688,950,990
739,912,923
297,572,865
710,964,1011
14,88,1104
256,480,611
50,214,1105
94,826,1074
174,373,1126
5,97,99
589,874,906
263,489,891
673,1078,1082
834,879,1079
1026,1027,1028
550,699,1112
638,815,816
683,684,1118
851,1068,1072
11,247,1109
245,463,464
471,472,860
17,184,553
658,1071,1100
157,222,728
853,857,1065
1,384,457
254,255,478
320,333,915
788,829,1119
49,160,441
654,1032,1059
379,380,417
661,676,1097
665,682,1045
142,419,741
621,622,623
314,437,758
807,846,1097
497,797,1121
727,989,993
284,683,1145
563,583,898
715,931,1105
301,302,527
336,349,909
690,950,1007
809,874,900
820,887,1062
835,856,1054
22,258,1066
1057,1065,1082
198,507,556
248,468,469
132,370,414
600,766,767
693,694,695
1029,1031,1097
148,395,423
929,971,997
233,601,894
90,837,1109
538,991,1147
395,396,424
656,1092,1093
118,196,407
158,419,740
157,202,223
36,626,632
19,258,610
772,826,1073
574,575,576
380,418,752
776,854,1076
72,516,626
781,1040,1076
385,708,1113
182,475,698
323,911,919
97,98,1099
403,523,1013
7,237,1098
664,672,1055
597,601,890
1093,1094,1103
849,886,1046
682,1045,1072
855,1050,1052
779,854,1077
140,167,387
928,948,999
14,15,89
103,106,571
425,732,744
129,130,369
780,823,1094
570,876,903
679,681,1036
253,607,612
175,378,957
104,1031,1067
68,69,70
1082,1089,1108
22,655,1078
367,368,697
214,546,1105
49,392,547
39,652,1049
128,185,988
654,659,1028
251,777,860
132,414,981
63,879,1027
369,412,953
781,882,1038
17,184,366
712,963,977
554,618,877
63,830,1027
338,735,917
227,431,729
57,827,1060
1094,1095,1119
131,738,909
111,319,924
210,212,426
829,836,1119
117,353,944
119,354,406
1040,1045,1048
376,377,466
88,831,1103
57,761,827
226,585,592
454,769,1081
5,99,1102
275,276,496
322,331,918
819,879,1128
653,1042,1075
676,1030,1063
129,412,953
791,833,1089
541,644,756
314,647,650
770,848,1042
176,375,473
342,344,750
310,543,544
771,881,1044
361,362,687
821,880,896
78,845,1088
745,746,920
19,258,1120
657,1053,1090
2,231,600
57,761,1069
281,629,630
234,446,894
242,773,777
259,610,611
441,869,1138
227,729,907
27,270,618
310,311,544
45,304,1027
369,413,736
107,110,835
848,854,1048
197,355,947
558,839,897
473,866,1122
514,945,1144
437,438,758
675,1061,1072
930,966,998
386,709,710
401,754,926
649,650,757
492,619,878
1041,1046,1047
374,460,1112
717,982,987
699,1015,1019
279,280,518
898,899,904
663,669,1132
332,907,926
838,1051,1090
401,918,926
806,838,1050
318,839,897
402,724,1004
148,743,908
199,515,946
847,1051,1053
791,1057,1065
683,976,1145
596,729,753
41,62,532
192,498,555
825,1026,1031
1034,1055,1056
830,879,885
362,490,491
290,513,632
683,1006,1145
711,714,964
851,1062,1068
332,730,754
311,545,646
554,949,975
55,101,102
703,1000,1015
718,721,1134
843,1070,1111
949,950,1017
1029,1056,1063
332,918,926
876,897,903
607,608,891
131,136,738
667,679,1040
761,843,1070
319,334,924
247,1109,1110
40,71,72
62,819,1128
521,627,628
722,723,1013
22,30,1057
537,636,865
364,696,1014
63,64,1027
39,68,652
123,408,746
647,758,759
186,412,953
99,100,1102
359,409,985
43,206,298
688,689,951
241,455,456
162,422,423
379,747,752
657,1053,1132
346,913,920
123,359,746
362,490,975
200,557,1144
424,425,934
589,590,1149
707,711,714
885,888,1032
151,207,989
954,955,995
675,680,1072
665,1073,1077
104,105,1067
263,864,891
54,100,101
792,1038,1108
749,750,914
297,636,865
245,464,775
662,1077,1110
69,108,806
104,318,1067
717,721,1133
168,457,1113
473,777,1122
27,362,491
29,80,277
226,594,1123
585,592,1001
565,566,867
52,58,312
660,1071,1072
999,1117,1118
236,449,871
353,928,968
165,442,965
687,690,1017
813,896,1063
607,612,864
886,1042,1075
258,610,1120
173,371,960
680,681,1039
11,246,606
586,811,904
544,545,759
309,542,645
337,338,348
103,106,318
130,369,917
355,686,947
254,255,614
544,758,759
651,665,1077
55,101,1070
595,596,915
7,8,96
353,749,750
484,786,1120
150,425,934
464,605,778
939,940,1023
807,813,1056
884,1089,1108
309,310,645
518,803,804
30,81,1078
643,755,1138
83,84,1066
4,237,1099
229,939,940
541,755,1139
389,742,922
300,301,815
34,200,1144
318,661,1067
165,707,966
678,1056,1063
677,679,1045
92,465,842
4,5,1099
335,916,923
676,678,1055
36,290,513
659,661,1031
174,460,1112
945,946,1012
73,838,1090
761,827,1060
288,630,635
379,380,916
57,59,827
1049,1050,1052
225,596,1023
467,704,1000
727,984,1148
570,812,1149
896,1062,1063
128,183,988
1033,1058,1132
762,822,1127
667,669,673
174,550,1126
308,542,644
653,1073,1074
238,599,871
798,845,1121
327,741,922
574,575,941
652,672,1052
219,576,594
199,968,1117
654,1064,1079
453,454,769
219,594,1136
515,945,946
89,837,1110
120,354,685
781,882,1040
360,689,1125
696,955,1115
364,698,1115
393,719,720
576,577,1021
286,508,634
341,345,910
770,772,1073
791,845,1088
802,803,893
315,438,650
54,658,1080
357,498,1017
559,876,903
219,575,1136
667,669,1036
1035,1037,1056
1001,1016,1021
2,166,231
422,423,743
370,413,981
278,631,872
215,219,1136
280,519,803
505,793,877
19,786,1120
654,666,1059
1042,1046,1047
357,358,690
60,834,1079
953,983,1101
111,334,924
118,119,406
439,756,757
313,436,646
312,1070,1080
117,157,202
227,907,915
372,459,959
189,490,1124
401,984,1148
660,670,675
655,656,667
496,797,1130
1082,1088,1089
227,596,915
561,809,900
595,728,924
763,1043,1044
659,666,1030
829,1094,1119
398,530,994
482,483,995
258,656,1119
283,284,627
207,531,993
33,72,516
305,391,1105
124,130,913
663,673,1132
722,726,937
699,702,1019
378,704,705
300,525,642
801,802,1141
377,467,704
26,1106,1107
825,1031,1135
666,678,1063
810,812,1149
1,456,766
100,822,1127
344,910,921
122,193,194
126,688,1124
388,389,741
69,806,1050
789,882,1038
823,1103,1104
62,532,818
231,444,764
676,1055,1097
493,494,794
265,266,502
388,419,741
720,931,1146
316,439,648
166,548,708
799,847,1132
110,558,839
765,1046,1100
265,266,623
69,1049,1050
832,1068,1080
153,427,733
340,345,346
111,114,334
401,428,754
292,532,533
51,311,646
549,708,977
137,912,923
141,169,170
405,749,750
359,409,745
813,1029,1097
772,1073,1077
1063,1072,1083
281,802,1141
12,91,1109
617,621,795
711,964,969
432,433,595
322,331,733
359,360,745
789,1038,1096
393,394,719
813,846,1097
821,881,1044
376,466,703
509,800,863
459,959,1015
1040,1092,1096
303,529,640
672,1052,1053
428,429,754
1036,1038,1040
295,535,637
265,501,624
251,603,777
551,699,1019
525,642,815
723,726,993
259,484,610
346,734,920
361,490,687
86,786,787
281,519,802
242,374,1112
1009,1022,1025
20,21,258
322,733,911
1073,1076,1077
1047,1071,1100
106,571,897
754,918,926
874,905,906
510,635,893
717,987,1133
109,578,897
600,767,862
629,801,1141
79,791,1057
562,582,899
490,990,1124
688,950,1007
291,1049,1051
806,855,856
1053,1090,1132
694,956,983
395,717,982
114,728,749
301,302,639
49,441,1138
31,76,77
259,611,785
50,391,1105
122,408,979
346,745,920
830,885,1027
79,277,1078
660,668,1071
527,528,639
120,195,197
808,809,899
50,214,546
255,613,614
938,972,1004
418,739,752
137,740,912
38,75,76
1089,1090,1132
807,896,1056
273,494,1131
174,373,459
319,320,333
227,230,596
304,819,879
679,680,681
728,914,924
652,661,1054
231,766,870
296,636,637
493,494,620
282,628,801
833,1087,1088
168,450,549
1059,1061,1062
291,657,1051
652,1052,1097
121,689,691
298,524,572
956,973,983
723,937,1013
81,791,1057
402,403,723
400,428,984
883,1043,1044
336,349,350
342,353,750
234,235,447
519,520,1141
278,516,632
250,471,875
252,263,553
147,148,162
68,108,1049
145,150,934
25,32,1121
270,554,618
89,1103,1110
379,738,747
102,760,843
857,1095,1096
360,409,952
106,318,897
659,1028,1032
277,1078,1082
585,1020,1021
388,419,930
654,659,1032
8,452,599
62,532,1128
951,985,1125
644,645,649
308,541,542
278,631,632
90,247,842
668,675,1072
209,935,989
62,879,1128
265,502,796
396,424,425
57,827,1064
46,63,1027
128,183,185
687,1017,1106
658,1099,1100
209,210,935
144,389,707
585,1001,1021
308,309,542
251,860,875
215,564,1136
1036,1038,1108
689,691,970
761,832,843
370,413,983
399,726,993
533,816,817
258,787,1120
195,197,1142
136,379,416
127,370,694
1080,1102,1127
348,349,909
658,1080,1100
216,226,592
176,375,706
763,849,1046
573,725,994
771,881,1048
222,433,595
858,1089,1132
116,201,944
372,959,1126
16,90,842
254,477,478
297,641,865
49,160,392
27,491,554
761,1068,1069
592,1001,1020
946,999,1118
118,194,407
105,835,1067
321,907,926
947,999,1142
341,342,344
664,674,676
208,573,636
852,1092,1094
570,590,902
567,587,811
121,193,970
449,599,840
502,795,796
763,1043,1046
820,896,1062
659,666,1032
279,280,630
1050,1051,1052
772,854,1073
825,830,1026
323,330,919
215,219,575
130,734,735
133,974,1085
603,774,860
47,48,1079
328,742,922
670,1064,1069
693,695,992
121,359,979
1043,1044,1083
723,726,727
952,985,986
403,523,722
654,1028,1079
950,1007,1017
807,856,1052
824,847,858
300,638,642
30,277,673
667,679,681
457,549,870
355,947,1142
128,183,695
131,414,737
601,862,894
574,576,577
233,600,862
753,915,924
882,1039,1040
678,681,1034
363,364,696
243,603,774
971,997,1091
945,1006,1012
768,890,1081
132,180,981
622,623,795
53,59,1064
960,974,1008
703,1000,1019
434,547,720
586,587,811
776,850,854
302,528,639
779,1076,1077
698,954,1116
658,1071,1080
928,999,1117
159,394,435
277,673,1088
18,182,552
273,274,620
42,573,725
679,1039,1045
134,175,378
41,62,1128
156,972,980
689,951,1124
396,425,934
110,835,839
718,1002,1134
672,1052,1055
1026,1029,1030
197,506,947
238,239,598
791,1082,1088
432,595,753
320,332,333
682,1039,1083
461,773,774
312,670,1069
657,1051,1090
770,1042,1075
334,728,924
696,698,1115
683,686,1012
781,789,882
847,1090,1132
1044,1045,1048
810,901,902
1047,1075,1100
385,386,450
38,73,1090
201,202,944
505,555,877
121,122,193
765,886,1075
315,439,649
283,521,557
762,832,1080
721,991,1134
709,712,977
847,858,1132
584,1009,1024
210,426,427
325,743,922
571,876,897
370,414,751
288,289,630
272,273,619
435,719,1002
705,1085,1086
656,1094,1119
370,981,983
230,431,596
834,1060,1079
567,811,904
392,393,434
91,92,837
43,523,722
799,880,882
366,367,482
99,1099,1102
595,929,971
400,428,731
655,673,1078
779,1093,1110
779,831,1110
673,1065,1108
235,236,598
666,680,1072
369,370,694
234,602,890
645,649,650
722,726,994
313,646,647
365,475,698
91,826,1074
59,60,1064
363,694,973
563,564,867
231,241,600
535,536,814
271,618,619
594,1016,1020
768,890,894
89,90,1110
166,231,708
706,866,1122
420,421,742
233,234,446
791,853,1065
18,182,365
296,536,637
1059,1061,1064
274,620,1131
790,791,1065
30,673,1078
79,845,1082
144,163,966
670,1061,1068
373,699,1112
770,844,1075
834,879,885
247,662,1110
220,221,1091
693,694,956
627,800,801
662,1076,1093
498,1017,1106
638,642,815
799,882,1038
394,718,719
333,334,729
456,457,766
581,809,899
247,651,1109
16,90,468
791,1065,1082
788,852,1094
561,581,809
147,161,978
396,911,919
755,869,1139
150,717,934
39,291,1049
248,249,605
56,436,646
1092,1094,1095
322,331,911
252,698,954
781,881,1048
310,543,645
687,975,990
676,1030,1056
123,748,910
136,178,415
305,869,1139
296,536,892
150,212,425
580,581,900
93,826,1074
111,342,914
568,874,905
125,126,187
504,616,794
432,595,929
853,884,1108
596,1023,1140
701,704,1010
635,863,893
181,973,1003
64,529,1129
6,1074,1098
137,138,380
565,594,867
733,911,918
852,857,1095
52,312,1069
18,253,476
524,641,865
687,949,950
807,880,1035
293,816,817
637,642,814
239,769,1081
550,1015,1126
370,694,981
478,612,614
55,312,1070
390,721,991
571,897,903
276,497,797
522,1004,1013
528,639,817
153,210,427
215,219,564
258,655,656
101,832,1070
114,343,749
884,1038,1108
485,611,785
101,1070,1127
852,1092,1096
131,370,414
218,577,1091
696,1003,1014
799,880,1058
464,778,873
31,32,1087
348,737,925
396,732,919
22,82,83
1065,1095,1096
270,687,949
215,564,575
788,1066,1119
728,749,914
732,733,911
398,726,994
587,904,905
409,410,745
27,554,975
555,1106,1107
770,1073,1098
69,806,1054
62,819,879
888,896,1063
493,619,793
207,399,531
220,595,943
112,739,912
620,621,1131
761,1060,1061
719,932,1146
577,941,1022
364,696,1115
400,754,918
467,957,1010
813,846,859
584,593,1001
298,299,524
87,823,829
389,420,421
695,956,988
41,292,532
35,556,1145
386,450,451
566,586,587
264,500,625
442,443,1005
247,842,1109
315,649,650
1039,1044,1083
88,89,1103
137,158,172
679,682,1039
494,794,1131
885,895,1028
227,228,431
458,701,959
939,942,1009
685,999,1118
715,720,931
11,246,465
312,760,843
1026,1029,1032
51,646,1111
762,1068,1080
566,567,587
827,834,1079
44,304,1129
357,690,1017
667,1065,1095
673,1082,1088
214,540,546
263,488,489
208,537,636
73,291,1090
639,640,817
380,417,1085
664,672,674
685,1142,1143
224,225,229
149,396,425
288,289,511
18,552,864
329,743,744
348,349,737
392,434,720
21,87,88
991,1002,1134
813,896,1056
138,380,961
763,1041,1044
800,801,868
372,459,1126
63,65,830
233,446,894
835,846,856
654,675,1059
700,1000,1015
284,557,627
724,727,1004
372,700,959
1059,1062,1063
24,259,610
1,241,766
87,829,1104
685,686,1142
629,633,635
390,391,538
65,830,1135
666,676,1063
849,851,1071
99,828,1099
138,380,974
345,746,920
313,437,647
158,739,740
224,584,939
69,108,1054
86,258,1119
669,674,1055
42,208,537
241,456,767
658,660,668
380,752,916
595,971,1091
941,942,1009
723,724,1004
859,885,1029
54,1080,1100
226,565,1020
403,722,723
723,937,1004
291,838,1090
557,976,1144
412,735,736
130,734,913
880,1035,1058
193,970,979
551,699,702
197,355,1142
790,1057,1065
933,967,1002
249,605,778
1049,1052,1054
438,439,650
2,232,444
999,1142,1143
126,689,1125
187,189,1125
808,861,904
121,691,970
540,869,1139
1052,1054,1097
303,639,817
147,148,395
539,996,1105
1042,1073,1076
762,765,828
166,383,713
279,517,518
131,370,737
289,511,512
25,32,78
78,1088,1121
396,717,934
819,1027,1129
270,357,687
395,424,978
700,701,704
507,976,1006
359,689,979
562,563,582
125,187,1125
157,202,944
761,1069,1070
371,372,701
711,969,998
44,64,529
143,422,743
310,543,647
954,995,1115
666,678,680
607,864,891
495,622,796
49,305,1138
122,193,979
45,64,1027
838,1049,1050
566,811,1123
655,667,1065
166,443,713
616,619,794
885,1026,1027
310,311,647
376,377,703
724,727,938
431,432,940
502,617,623
109,110,558
705,957,958
393,720,1018
235,447,448
828,1100,1102
700,701,959
26,270,357
431,596,940
301,527,816
288,510,511
683,976,1006
370,694,983
519,802,803
189,361,1124
823,829,1104
47,53,1064
356,507,1145
363,474,1014
232,445,764
32,77,1088
439,440,648
241,600,601
231,764,870
317,440,648
856,1052,1054
165,381,1137
369,370,751
956,983,1101
498,555,1106
838,847,1090
135,178,416
666,1032,1059
355,947,1012
738,909,916
1068,1069,1070
14,15,247
644,755,756
358,690,1007
720,931,1018
788,790,1065
115,199,1117
445,764,862
615,619,793
772,854,1077
427,428,731
10,461,773
986,1124,1125
252,553,954
688,689,691
1036,1055,1132
154,730,754
9,375,473
3,237,1099
732,911,919
234,446,447
887,1059,1062
812,876,902
274,621,622
368,483,697
659,1027,1028
31,663,1090
820,888,895
330,331,911
659,1026,1032
379,380,1085
483,992,1114
121,689,979
287,510,863
348,736,917
28,497,625
277,798,845
500,501,624
709,712,713
662,665,677
242,777,866
1077,1093,1110
173,371,458
669,1053,1132
4,97,1099
106,318,835
833,1088,1089
882,1039,1044
466,467,1000
708,709,977
130,411,412
850,1076,1092
400,428,935
173,960,974
855,1052,1053
933,991,1134
217,218,1091
32,277,1121
408,745,746
21,258,656
636,641,892
346,734,913
564,1016,1020
221,943,971
156,724,1148
710,712,1137
458,959,960
638,639,816
687,688,990
669,674,681
692,1115,1116
277,1082,1088
792,1096,1108
260,609,784
143,389,742
23,84,1066
665,1076,1077
616,619,620
573,936,994
154,430,730
128,953,1101
428,980,984
297,298,572
89,831,1110
26,615,1107
16,247,606
116,117,353
56,313,646
5,237,1099
1029,1030,1031
613,783,784
522,523,1013
93,94,1074
1057,1065,1066
417,927,958
237,844,1099
276,625,797
938,972,984
667,673,1108
121,191,970
382,383,713
390,538,991
763,1041,1046
395,967,978
439,649,756
131,737,925
691,970,1007
95,770,1098
27,190,271
661,664,1097
114,343,914
524,641,814
820,887,1059
36,291,626
1060,1061,1069
131,178,180
22,82,1066
276,497,625
666,680,1063
50,214,539
394,435,719
763,851,1043
149,153,911
19,86,258
674,676,1055
101,832,1127
660,1071,1080
10,374,1112
336,337,909
146,159,967
354,406,948
154,204,228
413,414,751
656,662,1092
723,937,993
645,650,758
772,779,837
691,951,1007
604,775,875
305,715,1105
142,388,741
568,861,874
313,646,759
655,673,1082
811,898,1123
261,487,608
705,1008,1085
87,829,1119
592,593,1001
149,396,911
570,812,902
306,307,1139
54,1080,1102
198,507,1145
974,1008,1085
361,688,990
257,480,785
677,679,1040
105,1031,1135
790,1065,1066
544,646,647
143,389,421
258,1095,1119
600,601,767
601,890,894
239,453,598
103,571,897
380,705,1085
416,417,747
388,707,1084
609,613,784
687,950,975
707,714,965
20,86,1119
34,284,557
721,987,991
237,840,844
273,619,620
702,703,1019
278,516,517
693,696,1114
1065,1096,1108
500,797,798
222,728,924
548,708,977
361,688,1124
662,677,1092
900,901,906
57,59,1064
231,708,1113
155,204,429
244,604,775
124,130,411
155,203,204
1062,1072,1083
667,669,681
246,464,873
1033,1036,1058
579,580,901
125,187,188
115,353,968
622,624,796
143,743,908
843,1069,1070
124,125,188
179,181,973
6,95,1098
116,944,968
294,535,637
1045,1072,1083
256,480,784
5,99,1099
470,604,778
375,376,702
424,934,982
46,67,1031
253,607,864
669,673,1036
131,737,738
109,110,318
627,801,868
508,627,800
11,12,247
997,1023,1091
277,663,1088
668,1047,1071
885,1026,1029
854,1076,1077
685,1117,1143
400,727,989
658,1075,1099
363,474,1003
628,801,1141
560,561,580
669,672,1053
32,1088,1121
57,1060,1069
120,197,355
705,957,960
225,229,940
361,490,990
147,423,978
883,896,1083
569,810,874
374,699,1112
620,794,795
562,808,899
675,1068,1072
376,466,1019
151,400,935
159,718,967
334,729,753
502,503,617
705,960,1086
722,937,994
558,876,897
628,629,633
704,705,957
231,600,764
567,861,905
220,222,595
561,580,900
471,860,875
1033,1035,1037
189,1124,1125
122,123,359
123,407,408
948,1142,1143
253,476,612
232,233,600
231,384,708
257,480,611
287,288,510
941,1016,1136
661,1054,1067
799,1033,1132
160,392,434
483,992,995
153,400,918
933,991,1002
12,247,1109
726,993,994
35,284,556
466,703,1000
263,489,864
231,548,708
216,566,1123
484,785,786
126,189,1125
86,787,836
604,774,775
762,1071,1100
15,247,1110
411,412,735
708,713,977
1070,1080,1127
885,888,895
379,738,916
186,188,411
149,732,911
360,913,920
123,746,910
564,583,898
850,1076,1094
195,197,948
640,818,1128
699,706,866
337,349,909
181,363,474
479,480,784
695,956,992
762,1068,1071
930,962,969
83,788,790
1026,1027,1135
685,686,999
476,552,864
534,535,815
205,402,522
885,895,1032
885,1029,1032
608,609,783
828,844,1099
560,580,901
143,908,922
616,617,620
657,1090,1132
312,843,1111
885,888,1029
851,1068,1071
142,170,962
338,347,348
57,58,843
168,385,1113
821,896,1037
371,960,1086
372,373,700
665,1073,1074
57,843,1069
759,760,1111
144,164,421
350,747,916
538,539,996
688,691,1007
137,158,418
497,625,1121
833,858,884
699,702,706
152,427,935
142,419,740
389,707,966
28,29,80
125,188,952
508,627,868
856,1050,1052
284,683,1144
142,741,912
332,333,730
250,604,875
571,876,903
500,797,1121
241,600,766
779,1093,1103
360,734,920
854,1073,1076
779,831,1103
156,203,205
1033,1038,1040
240,455,768
124,130,734
651,665,1074
38,73,291
563,867,898
484,610,1120
84,1066,1120
535,814,815
305,306,643
63,830,879
118,196,406
94,95,826
245,604,778
669,1053,1055
832,1080,1127
826,1073,1098
671,1042,1075
825,846,1031
630,631,889
176,706,1122
652,657,1051
292,639,817
485,784,785
951,985,986
388,711,1084
13,93,1074
500,625,1121
855,1050,1051
737,909,925
656,677,1092
779,854,1076
13,651,1109
242,460,866
710,711,714
551,699,706
151,399,727
117,157,749
354,685,1142
570,876,902
323,324,919
688,951,990
584,593,939
654,1028,1032
679,680,1039
18,476,552
838,1050,1051
219,583,594
197,947,1142
885,1027,1028
400,733,918
150,211,934
424,425,744
390,391,1147
304,819,1129
621,623,795
654,659,1027
85,87,1119
174,459,1126
693,992,1114
781,789,1038
46,304,1027
542,644,645
82,790,1066
467,704,1010
653,665,1074
499,690,1007
219,564,594
656,1093,1104
1034,1056,1063
521,627,801
633,634,800
103,104,106
388,930,969
427,428,935
719,1146,1147
507,1006,1145
607,612,782
688,951,1124
879,1027,1079
14,21,1104
688,689,1124
331,733,918
821,880,882
56,312,1111
6,653,1098
534,815,816
895,1032,1059
519,520,802
715,931,1146
791,833,1088
1075,1098,1099
541,644,755
369,735,736
284,356,683
106,571,839
242,866,1112
294,534,535
693,1003,1114
19,610,1120
242,699,706
896,1035,1037
1052,1055,1056
384,708,1113
281,282,629
724,938,1004
633,635,863
779,1077,1093
229,431,940
575,941,1136
372,700,1126
367,483,995
131,132,414
1035,1055,1056
669,672,1055
1034,1037,1039
972,984,1148
65,66,825
939,1022,1023
198,556,1145
205,724,1004
699,1015,1126
205,402,724
103,571,591
248,468,873
552,553,954
190,492,618
689,970,985
513,632,841
460,461,773
438,650,758
413,736,751
776,781,881
63,64,879
279,518,803
224,593,939
856,1054,1067
666,1032,1063
791,853,884
821,883,896
220,223,943
1038,1096,1108
275,495,622
1042,1045,1047
90,1109,1110
293,639,816
13,1074,1109
121,689,970
1,231,766
81,1057,1078
719,932,1018
550,551,866
683,976,1144
205,522,1004
380,418,927
689,951,985
655,1057,1078
666,1062,1063
9,375,706
644,648,755
140,141,388
790,853,1065
569,570,1149
240,241,597
936,937,994
124,411,734
273,620,1131
112,113,335
273,274,494
237,653,1075
496,497,797
901,906,1149
781,852,1092
496,796,1130
799,884,1132
398,399,726
342,353,921
154,907,926
718,721,1133
145,717,987
99,1102,1127
601,767,894
153,732,733
12,13,247
135,379,958
173,960,1086
807,1052,1056
627,628,634
378,704,957
465,606,873
359,408,746
772,1073,1074
761,843,1069
263,553,864
139,165,381
106,318,839
473,777,866
679,1039,1040
669,1036,1132
177,957,958
11,12,1109
428,429,980
305,715,720
423,743,744
274,495,621
679,682,1045
3,840,1099
436,759,760
89,90,837
561,580,581
155,156,980
537,573,636
523,722,1013
222,223,943
25,264,500
240,454,1081
879,885,1027
268,615,616
272,273,493
665,1073,1076
665,677,1076
397,398,725
100,101,1127
545,646,760
141,142,962
830,1026,1135
138,172,961
108,806,1054
477,782,783
954,955,1115
896,1063,1083
213,390,991
589,874,1149
22,82,1057
6,7,237
513,841,872
448,769,890
771,848,1042
199,946,968
856,1050,1054
830,1026,1027
297,573,636
478,612,783
694,956,1101
389,966,1084
183,368,695
155,429,980
395,967,982
49,305,392
682,1045,1047
234,447,890
730,907,926
108,1049,1054
559,812,902
152,210,427
635,802,893
933,987,991
181,363,973
284,351,1144
502,503,795
90,837,1110
328,742,743
976,1006,1145
266,617,623
153,400,733
567,568,861
204,228,430
363,696,1014
332,731,754
596,729,915
528,816,817
300,525,815
141,142,170
15,16,90
420,421,966
648,755,756
168,457,549
772,826,1074
544,646,759
1043,1046,1071
47,1064,1079
594,1016,1136
787,1066,1119
319,333,915
165,707,965
654,659,666
22,655,1066
174,550,1112
806,856,1050
274,495,1131
277,625,1121
50,391,539
1093,1094,1104
65,66,1135
46,67,659
772,779,854
658,671,1075
227,431,596
257,481,610
305,547,720
991,1134,1147
228,230,431
655,656,1095
94,1074,1098
148,395,908
314,437,438
799,882,1033
654,666,1032
145,717,934
652,672,1051
833,884,1089
305,391,715
322,330,331
304,640,1129
34,514,1144
35,356,1145
225,584,1025
652,664,1052
51,58,760
665,1074,1077
807,880,896
276,496,1130
398,530,725
696,955,1114
298,572,865
235,598,890
46,1026,1135
467,1000,1010
525,641,642
51,52,312
486,783,784
404,405,749
559,876,902
311,544,545
679,1036,1039
11,842,1109
692,698,1116
100,101,832
952,986,1125
163,165,966
1001,1016,1020
220,222,223
216,592,1020
469,605,778
154,227,430
665,679,682
369,413,953
329,330,744
506,1006,1012
353,685,1143
827,1060,1079
687,690,950
46,659,1031
363,364,1014
510,863,893
143,389,922
1052,1055,1058
512,513,872
169,170,962
134,177,958
389,420,966
10,242,773
353,354,750
763,886,1046
484,787,1120
350,752,916
399,531,993
247,651,662
530,725,994
322,911,918
1035,1055,1058
807,813,1097
325,328,743
805,1052,1058
883,1062,1083
114,334,924
353,928,1143
762,1080,1100
40,291,626
257,480,481
391,538,996
665,679,1045
809,899,905
220,971,1091
357,687,1106
653,1074,1098
291,657,1090
13,91,1109
183,368,992
623,795,796
807,1056,1097
1035,1036,1058
512,804,889
810,902,1149
284,556,557
72,838,841
656,667,677
883,1043,1083
683,1006,1012
129,130,412
408,409,979
27,271,618
84,787,836
417,747,752
31,32,277
403,722,1013
19,258,787
991,996,1147
183,483,992
3,449,840
67,105,1031
260,485,486
576,577,941
465,842,873
443,977,1005
385,549,708
398,531,726
292,532,640
67,318,1031
287,288,635
609,613,614
983,988,1101
388,741,912
46,66,1135
1043,1062,1083
929,940,1140
495,621,1131
396,717,982
231,870,1113
566,586,811
488,782,891
288,510,893
197,355,506
357,499,1017
717,934,987
167,387,964
807,1052,1058
273,494,620
317,440,1138
34,200,514
761,1060,1069
302,303,639
278,632,872
265,501,502
360,409,1125
43,523,572
554,555,877
584,593,1009
934,982,987
305,547,1138
127,179,973
124,188,411
129,185,953
157,223,943
282,283,521
566,567,811
654,1027,1079
235,236,448
271,272,492
792,1038,1096
1087,1088,1089
407,746,748
89,831,1103
44,45,1129
390,716,721
230,596,940
161,967,978
779,850,1094
1055,1056,1097
570,590,591
18,476,864
506,507,1006
1009,1022,1024
252,366,692
31,1087,1090
506,947,1012
2,231,764
765,844,1075
618,877,878
146,159,718
165,381,714
965,1011,1137
24,259,484
800,801,863
2,444,764
672,674,1055
727,984,989
218,221,971
544,647,758
398,531,994
357,687,690
779,1093,1094
272,493,619
569,810,812
570,571,591
1,456,457
780,823,829
97,99,1099
359,745,746
960,1008,1086
353,405,928
417,927,1085
830,885,1026
150,211,212
363,696,1003
251,472,777
927,974,1085
69,108,1049
551,702,1019
776,881,1048
190,492,554
673,1088,1089
118,748,910
131,178,415
527,815,816
54,312,1102
267,617,794
137,418,739
379,417,958
255,479,613
64,819,1129
387,710,964
195,196,406
859,888,1029
279,280,803
37,74,291
771,1041,1048
823,831,1103
729,753,915
126,187,1125
763,771,881
493,793,794
572,573,936
643,755,1139
597,767,768
12,13,1109
118,910,921
662,1076,1077
582,898,899
262,263,607
266,503,617
12,92,1109
133,371,1086
14,1104,1110
300,638,815
377,467,1000
715,719,1147
217,220,1091
805,847,855
420,930,966
808,861,899
203,972,980
396,425,744
347,735,917
3,98,449
548,549,977
886,1041,1042
837,842,1109
79,80,845
82,790,1057
933,982,1133
30,1057,1078
148,423,743
480,611,785
140,167,969
637,814,892
514,515,945
308,542,645
712,713,977
644,645,756
216,226,565
941,1001,1021
755,1138,1139
484,786,787
258,655,1095
54,312,660
153,732,911
558,559,578
386,710,963
805,807,880
335,739,752
379,747,916
95,96,1098
176,466,1019
932,991,1134
867,898,1123
123,359,910
248,469,605
359,360,920
38,76,1090
629,802,1141
491,554,975
688,951,1007
143,421,742
381,382,442
1093,1104,1110
215,575,1136
653,658,1075
540,755,1139
788,1094,1095
932,991,1147
259,484,785
174,460,550
1034,1063,1083
52,57,1069
567,587,905
792,799,882
134,705,958
44,640,818
305,546,1139
1100,1102,1127
646,759,760
662,1093,1110
105,846,1067
128,695,988
763,883,1043
348,737,909
96,452,840
323,329,330
375,702,706
675,1061,1062
114,728,924
668,671,682
567,568,905
353,944,968
16,606,842
133,173,1086
402,403,522
353,749,914
497,798,1121
377,466,467
194,196,407
547,869,1138
670,1059,1061
660,1068,1072
111,914,924
1041,1044,1048
858,884,1089
50,305,1105
452,599,840
284,976,1145
137,158,961
157,222,223
198,508,556
19,20,86
167,387,711
532,640,818
19,786,787
87,1104,1119
663,1089,1132
73,824,1090
112,113,326
1043,1062,1072
651,662,1077
541,643,1139
659,1026,1027
483,995,1114
827,895,1060
395,718,967
546,547,931
655,1057,1082
279,803,804
316,439,649
535,637,638
846,1067,1097
264,500,501
243,603,773
276,624,1130
504,505,615
133,380,974
832,1070,1127
401,428,984
64,529,818
331,731,918
692,696,1114
710,712,1011
395,743,744
26,192,498
361,362,490
208,530,725
779,850,854
372,700,701
9,472,777
657,669,1132
505,615,877
5,99,100
765,770,886
564,1016,1136
709,712,963
167,451,964
116,202,944
159,718,1002
734,735,913
521,801,868
370,414,737
326,388,741
320,333,907
55,102,1070
281,519,803
252,607,864
125,126,360
354,1142,1143
569,570,590
443,548,977
705,957,1008
1033,1036,1132
387,710,711
324,328,329
938,984,989
312,660,1080
391,715,996
118,406,748
646,647,759
564,594,867
5,100,1102
586,811,1123
280,281,519
363,693,694
131,414,415
5,658,1100
360,734,913
1060,1061,1064
149,425,426
127,132,179
553,995,1116
131,136,178
761,762,851
780,823,831
165,707,714
206,298,572
883,1037,1083
666,1030,1063
220,221,943
660,668,1072
669,681,1055
119,354,948
234,447,894
227,730,907
948,999,1142
375,706,1122
723,993,1004
347,734,735
1000,1015,1019
332,730,907
91,772,837
859,885,1026
568,569,589
189,361,490
555,877,1107
134,175,177
236,448,598
689,979,985
781,850,1092
262,263,488
47,654,1064
847,855,1051
679,680,682
124,360,734
363,973,1003
330,331,732
351,514,1144
146,147,978
388,711,969
514,976,1144
692,696,698
284,556,627
79,791,845
308,644,645
765,849,1100
50,214,1139
222,914,924
1073,1074,1098
562,582,808
593,1001,1009
501,796,797
282,520,801
964,965,998
808,898,904
535,637,814
294,295,637
662,1076,1092
813,888,1029
120,197,1142
44,303,529
43,206,572
159,394,718
472,777,860
718,933,967
532,640,1128
17,489,553
388,930,962
801,802,863
37,38,73
20,21,1119
933,967,1133
715,996,1147
562,563,808
655,1065,1095
673,1036,1132
331,733,911
384,385,1113
540,546,1139
755,869,1138
1036,1038,1096
381,712,1137
667,681,1036
85,86,836
509,633,863
807,813,846
239,602,769
492,618,619
654,1027,1028
3,237,599
504,616,793
586,594,1123
710,963,1011
558,839,876
141,170,962
927,974,1008
400,727,984
65,825,830
589,902,1149
541,643,644
566,586,1123
487,488,608
545,759,760
55,56,312
792,799,884
145,213,721
559,810,902
834,1028,1060
225,1023,1025
57,1060,1064
808,811,867
362,491,975
765,770,1075
275,276,622
899,904,905
296,637,892
47,60,1064
149,153,732
559,578,902
101,102,843
591,897,903
516,517,872
528,639,816
761,1068,1070
715,719,720
137,142,740
401,754,918
324,329,743
585,593,1001
485,611,784
367,482,483
556,557,976
652,661,1097
852,1092,1095
825,830,1135
527,528,816
1039,1040,1045
401,429,754
135,136,416
79,81,791
142,388,912
21,656,1104
820,896,1063
219,575,576
197,947,948
214,546,1139
680,682,1039
11,247,606
772,1074,1077
940,1023,1140
682,1039,1045
629,801,863
309,543,645
668,671,1047
4,5,97
154,401,926
145,211,987
1036,1039,1040
1040,1076,1092
678,680,1063
316,317,648
832,1068,1070
239,453,769
160,434,547
786,787,1120
834,895,1028
152,209,210
342,353,914
846,859,1029
118,123,194
594,1020,1021
470,471,875
9,242,1122
654,670,675
118,119,196
577,941,1021
117,749,914
1093,1103,1104
107,109,318
260,485,611
115,199,201
263,607,864
130,369,412
692,693,697
251,603,875
526,527,815
1042,1047,1075
668,682,1047
762,851,1068
457,549,1113
130,186,412
264,500,624
695,697,992
286,508,800
459,959,1126
351,514,515
752,916,923
560,900,901
25,78,1121
252,552,954
227,228,430
364,365,475
615,618,877
574,576,941
1052,1053,1058
1026,1029,1031
114,334,728
895,1060,1061
762,832,1068
821,1033,1037
630,635,802
371,701,1086
469,778,873
360,952,1125
55,312,1111
30,655,673
694,956,973
247,1077,1109
270,618,877
67,659,1031
505,555,1107
232,600,862
454,768,1081
315,439,650
951,970,1007
705,957,1010
486,609,784
219,576,1136
532,533,817
763,1041,1043
584,1009,1025
370,414,981
357,498,499
406,748,750
363,693,696
42,296,636
442,965,1011
806,838,855
30,81,1057
409,985,1125
658,1047,1100
771,848,1048
19,787,1120
997,1022,1023
27,190,618
15,89,90
629,633,863
91,772,826
654,670,1064
596,753,915
490,491,975
284,557,976
532,817,818
324,908,919
113,327,912
324,329,919
237,1075,1099
176,551,1122
261,262,487
241,456,766
244,245,463
846,1031,1097
1029,1056,1097
715,716,719
115,116,353
102,436,760
460,866,1112
261,262,608
28,80,497
307,540,1139
369,695,1101
14,247,662
139,381,714
282,628,1141
1041,1045,1047
227,228,230
5,1099,1100
262,488,608
438,439,757
594,867,898
780,788,1094
662,677,1076
145,211,934
53,59,60
331,731,733
699,703,1019
1039,1045,1083
17,553,1116
146,967,978
1,457,766
126,689,1124
670,1061,1069
28,497,798
964,969,998
110,558,897
453,598,769
610,786,1120
566,811,867
595,1023,1091
500,501,797
669,672,674
676,1056,1097
886,1041,1046
776,781,1076
851,883,1062
371,372,458
178,180,415
673,1089,1132
156,205,972
388,420,741
42,297,725
228,430,431
9,242,251
1046,1047,1071
246,605,873
811,861,904
41,48,1128
125,188,410
707,998,1084
325,326,327
51,312,646
549,709,977
710,711,964
470,604,775
330,732,744
887,895,1059
9,706,1122
780,831,1103
178,415,416
495,622,795
470,775,778
821,882,1044
693,695,956
568,874,906
524,525,641
71,72,291
663,1087,1088
589,906,1149
799,880,1033
616,619,793
45,304,1129
61,1079,1128
107,108,110
722,723,726
363,694,1003
723,727,993
92,842,1109
26,357,1106
481,610,786
313,436,759
329,743,919
366,692,995
996,1146,1147
492,554,878
8,599,840
704,1000,1010
667,1036,1040
305,1138,1139
639,816,817
366,692,1116
349,737,738
293,294,534
293,533,816
32,77,1087
67,318,661
248,605,873
849,1046,1071
130,735,913
107,1049,1054
107,318,835
275,495,496
372,373,1126
808,867,898
115,685,1117
791,853,1108
997,1022,1091
965,966,998
154,155,401
127,132,370
347,734,913
165,714,1137
6,94,1074
159,435,1002
36,513,632
680,1063,1083
41,532,640
719,932,1134
320,907,915
398,530,531
823,1094,1104
249,250,604
659,1026,1031
493,619,794
846,859,1031
28,276,625
558,578,903
126,360,1125
277,673,1078
37,73,74
933,1002,1134
31,76,1090
117,157,223
117,728,749
243,462,774
664,1052,1055
641,814,892
664,1055,1097
567,568,588
359,409,979
50,305,546
656,1095,1119
437,758,759
955,1014,1115
674,676,678
20,86,258
395,423,743
304,1128,1129
44,45,304
538,991,996
89,1104,1110
364,1014,1115
480,784,785
557,627,868
360,410,952
683,945,1118
149,153,426
770,826,1073
34,557,1144
955,1003,1114
125,360,410
821,1033,1039
388,420,930
714,1011,1137
487,608,609
110,839,897
69,1050,1054
39,68,70
719,1018,1146
955,995,1115
652,657,672
571,591,903
152,153,427
699,702,703
624,625,797
142,158,962
410,734,745
271,272,619
237,844,1098
946,1117,1118
762,1100,1127
237,1098,1099
807,896,1035
389,707,1084
563,582,898
242,706,1122
117,222,728
399,989,993
163,421,966
399,727,993
137,418,961
680,682,1083
207,209,989
628,634,800
26,192,1107
116,117,944
71,291,1049
239,602,1081
263,489,553
214,540,1139
304,659,1027
668,680,682
19,481,786
704,959,1010
25,277,625
931,1018,1146
858,1090,1132
185,186,953
667,1036,1108
707,711,1084
168,384,1113
252,553,1116
50,546,1105
940,997,1023
807,856,1097
651,653,1074
584,1024,1025
610,611,785
42,573,636
356,683,1145
121,358,691
19,257,610
116,353,968
726,937,993
40,72,626
570,591,902
380,417,752
677,1040,1045
27,491,975
239,240,597
71,806,838
154,401,754
854,1042,1076
632,841,872
146,159,161
289,630,889
18,182,476
5,1099,1102
546,547,869
117,353,914
790,1057,1066
117,202,223
609,613,783
357,498,1106
388,389,922
1043,1071,1072
516,632,841
257,610,611
240,454,768
319,333,334
139,707,714
724,972,1148
113,335,350
781,1076,1092
780,852,1094
92,837,842
438,757,758
654,1059,1079
459,550,1015
338,735,913
338,339,913
838,855,1051
602,890,1081
239,240,1081
187,952,1125
534,535,638
200,514,557
244,462,775
53,60,1064
433,595,943
36,74,841
142,388,419
1040,1044,1048
887,895,1061
23,84,1120
43,297,936
175,467,957
121,122,359
719,1134,1147
748,910,921
679,1040,1045
48,62,1128
46,659,1026
838,1049,1051
663,1087,1090
799,847,858
751,917,925
885,1026,1028
500,625,797
763,886,1041
131,180,415
149,150,425
180,414,981
118,123,748
324,325,908
238,453,598
621,622,795
10,460,1112
27,190,554
519,802,1141
716,721,1134
805,1052,1053
225,229,939
153,212,426
258,1066,1119
369,412,736
341,344,345
253,476,477
394,435,1002
119,120,948
791,1089,1108
770,1073,1075
809,899,900
356,506,507
318,652,1054
432,596,729
709,713,977
719,932,1002
323,330,911
567,861,904
252,366,1116
119,195,196
716,721,1147
234,601,602
6,13,1074
390,391,715
492,618,878
382,713,1005
1,384,1113
123,194,407
3,4,98
231,241,766
145,390,721
191,691,970
727,993,1004
820,1062,1063
189,990,1124
325,908,922
1033,1035,1036
595,753,924
36,74,291
68,69,108
551,699,866
629,630,635
234,235,602
788,790,1066
141,169,969
825,1026,1135
99,822,828
1076,1077,1093
347,735,736
270,362,687
765,828,1100
144,707,966
41,304,640
126,189,1124
820,888,896
134,135,177
236,449,599
153,733,918
958,1008,1085
663,669,673
717,934,982
402,723,724
630,802,893
244,245,775
718,933,1134
667,679,1036
385,708,709
44,45,64
1034,1035,1056
135,416,958
957,958,1008
563,808,867
73,291,838
648,649,756
244,603,604
479,783,784
10,242,460
848,854,1073
763,849,851
883,887,1062
43,206,523
643,644,648
617,620,621
1070,1102,1127
631,632,872
330,744,919
968,999,1117
662,1077,1093
95,770,844
346,347,734
146,394,718
242,699,866
531,993,994
579,901,902
475,698,954
256,479,613
391,996,1147
564,867,898
560,580,900
569,570,812
147,162,978
306,307,643
529,640,818
653,671,1075
49,160,547
204,429,980
379,380,752
888,895,1032
367,483,697
888,1029,1032
942,997,1091
717,982,1133
270,357,1106
607,782,891
441,547,1138
29,79,277
116,353,944
47,53,60
5,54,1100
155,156,401
776,854,1048
353,750,921
353,354,921
660,675,1068
176,376,466
367,995,1114
856,1052,1097
475,954,1014
39,291,652
152,400,427
14,656,1104
364,474,1014
353,404,405
588,905,906
694,981,983
155,204,980
386,387,710
123,359,408
240,455,767
595,596,1140
216,226,1123
387,451,964
468,606,873
707,965,966
99,828,1102
168,385,549
211,213,987
771,1044,1048
661,1031,1097
1040,1048,1076
485,486,784
165,714,965
231,548,870
380,927,1085
450,709,977
790,791,1057
547,720,931
241,597,601
250,470,604
453,769,871
5,237,658
105,825,1031
136,415,738
204,429,430
270,554,949
234,890,894
789,853,857
732,744,919
278,516,626
13,247,1109
382,712,713
497,797,798
117,728,914
89,1103,1104
52,53,57
308,541,644
941,1001,1016
238,598,871
669,673,1132
735,736,917
71,291,838
386,451,963
237,599,840
685,1117,1118
719,720,1146
689,691,951
781,881,1040
151,207,209
942,1009,1022
1046,1047,1075
299,524,525
653,665,1073
342,343,914
302,527,639
748,750,921
486,487,783
341,344,910
739,752,923
278,626,632
305,306,1139
38,657,663
458,459,959
41,640,1128
217,218,221
21,85,87
281,630,803
625,797,1130
124,734,913
1037,1056,1063
524,572,865
208,573,725
762,832,1127
560,901,902
597,768,1081
494,795,1131
128,129,185
201,944,968
221,223,943
52,53,312
167,387,451
487,609,783
1043,1045,1047
49,317,441
696,1014,1115
290,632,872
232,445,862
668,1047,1072
1026,1030,1032
174,373,374
887,1062,1068
134,135,958
823,829,1094
307,541,643
242,460,773
658,1075,1100
955,992,995
696,1003,1114
560,561,810
629,633,801
848,886,1042
598,602,769
389,420,1084
584,939,1025
372,458,959
743,908,922
233,600,601
880,882,1033
31,38,76
390,716,1147
1021,1022,1024
572,573,865
582,808,898
233,234,601
237,658,1099
288,510,635
130,735,917
225,596,940
4,98,1099
372,701,959
1070,1080,1102
312,1068,1070
438,650,757
137,380,739
369,370,983
304,1027,1079
937,993,1004
30,81,82
252,954,1116
950,990,1007
252,692,1116
401,980,984
959,1000,1015
895,1028,1032
353,404,944
402,522,723
214,539,1105
71,838,1049
686,1012,1118
290,512,513
874,900,906
32,1087,1088
861,874,905
121,122,979
809,810,900
137,138,172
212,425,426
97,99,828
339,346,920
28,80,798
476,612,782
987,1133,1134
143,148,162
664,676,1055
510,635,863
67,659,661
257,611,785
282,801,1141
216,565,1020
359,408,745
50,306,1139
658,668,1071
1094,1103,1104
695,956,1101
106,318,1067
355,356,506
290,513,872
356,506,1006
335,739,923
584,585,593
120,685,1142
1052,1055,1097
66,105,1135
268,504,505
608,782,783
711,998,1084
303,640,817
504,615,616
357,358,499
368,697,992
41,532,1128
436,646,1111
279,630,803
995,1115,1116
615,877,878
633,800,863
521,627,868
400,401,754
507,556,976
325,327,328
705,960,1008
652,1052,1054
608,612,614
352,946,1118
600,766,862
352,684,1118
366,367,692
137,739,923
68,652,1049
545,646,759
587,588,905
562,581,899
243,773,774
334,753,924
291,652,1051
508,800,868
128,183,368
84,484,1120
434,720,1018
314,438,650
395,978,982
14,247,1110
662,1092,1093
239,240,454
285,556,627
710,963,964
174,373,550
5,54,1102
122,194,979
645,756,757
661,1054,1097
239,453,454
259,610,785
97,98,844
1,231,457
283,284,557
494,620,794
401,428,429
388,707,711
230,431,940
14,15,1110
224,225,584
1089,1108,1132
516,841,872
241,600,767
806,835,856
18,252,698
854,1073,1077
527,639,816
131,136,415
369,370,917
337,917,925
666,1059,1062
255,478,614
380,418,739
140,167,711
450,549,977
247,651,1077
666,675,1072
171,961,974
631,804,889
258,655,1066
344,748,910
32,78,1088
799,805,880
386,451,710
664,676,1097
1030,1032,1063
831,837,1110
945,946,1118
91,772,1074
56,313,436
340,910,920
146,159,394
192,1106,1107
680,1072,1083
971,997,1140
490,687,990
11,606,842
590,902,1149
222,728,914
808,898,899
476,477,612
99,822,1127
420,930,1084
354,685,1143
115,201,968
36,290,632
79,791,1082
112,113,739
546,931,1105
1029,1030,1063
319,753,924
336,337,349
335,350,752
8,238,599
129,369,412
304,640,1128
850,1092,1094
294,637,638
1066,1095,1119
601,768,890
279,517,631
343,750,914
340,341,345
589,901,906
511,512,889
51,312,760
699,700,703
882,1040,1044
265,501,796
221,971,1091
848,1042,1073
312,646,1111
656,1104,1119
692,698,1115
134,378,705
694,695,1101
314,647,758
761,832,1068
419,930,962
776,848,1048
616,793,794
676,1055,1056
575,941,1016
693,956,1003
176,375,702
22,30,655
885,1026,1032
134,177,957
26,269,1107
927,958,1008
620,795,1131
829,1094,1104
568,588,905
716,718,719
181,474,1003
158,418,961
584,585,1024
1046,1071,1100
76,824,833
383,708,713
699,866,1112
332,333,907
628,633,634
595,753,915
375,473,1122
701,959,960
340,346,920
1041,1044,1045
886,1046,1075
810,874,901
105,825,846
657,672,1051
32,277,1087
670,675,1068
971,1091,1140
369,694,695
22,83,1066
655,1057,1066
603,773,860
1028,1059,1079
231,444,870
154,429,754
14,662,1110
279,518,804
28,276,497
54,1100,1102
1042,1045,1048
293,639,817
306,540,1139
318,1031,1067
455,767,768
313,647,759
137,142,172
236,598,871
781,1048,1076
644,648,756
305,720,931
781,789,852
882,1038,1040
371,458,960
257,481,785
287,635,863
1047,1071,1072
298,524,865
379,416,747
712,1005,1137
151,152,209
827,834,1060
327,328,742
773,774,860
53,670,1069
233,446,862
282,283,628
517,804,872
857,1065,1096
970,979,985
371,701,960
268,504,615
807,813,896
789,792,1038
124,188,410
585,594,1021
693,697,1114
311,646,647
21,258,1119
274,495,622
111,114,924
763,1043,1071
349,350,916
127,132,981
342,750,921
788,790,857
793,877,878
246,465,873
41,304,1128
177,178,416
436,759,1111
353,405,1143
705,960,1010
191,970,1007
358,690,691
881,1040,1044
879,885,1028
132,180,414
496,796,797
42,208,397
65,1027,1135
391,539,996
114,749,914
320,321,907
939,940,997
61,879,1128
1001,1020,1021
700,703,1015
542,543,645
329,330,919
8,96,452
242,699,1112
326,327,741
548,549,708
464,605,873
797,798,1121
359,360,409
688,690,950
521,557,868
883,1044,1083
218,221,1091
49,441,547
660,675,1072
126,360,689
654,670,1059
270,949,1106
6,651,653
270,687,1106
770,886,1042
33,278,516
351,352,945
124,186,188
781,850,1076
142,388,962
46,65,66
1036,1055,1058
595,596,1023
65,825,1135
859,1029,1031
595,915,924
318,661,1054
130,412,735
722,725,994
629,630,802
345,745,746
153,426,427
18,365,698
249,469,605
367,697,1114
492,493,878
344,750,921
340,341,910
11,12,92
27,362,975
727,938,989
339,340,920
277,798,1121
417,418,752
561,581,900
787,1066,1120
820,888,1063
715,719,1146
216,586,1123
245,246,605
670,1061,1064
779,1103,1110
51,52,58
301,638,639
413,953,983
53,57,1069
347,348,736
253,477,612
292,293,533
543,647,758
102,1070,1111
765,1099,1100
853,857,1096
183,368,483
813,846,1029
480,611,784
475,1014,1115
656,1093,1094
35,285,556
150,396,717
327,740,741
542,644,756
1023,1091,1140
851,887,1068
492,554,618
343,344,750
563,582,583
288,511,889
625,797,1121
295,296,637
710,714,964
278,516,872
539,546,1105
45,64,1129
400,427,935
1062,1063,1083
157,404,749
508,509,800
6,7,1098
279,630,631
821,882,1039
321,322,918
883,896,1062
693,956,992
232,233,445
714,964,965
679,1036,1040
707,711,998
60,61,1079
115,352,684
189,490,990
761,832,1070
735,913,917
567,587,904
166,231,383
495,621,622
366,482,995
134,705,957
42,208,573
881,883,1044
1037,1063,1083
366,482,1116
286,509,633
46,1027,1135
461,462,774
133,380,705
1046,1075,1100
716,718,721
222,433,943
549,708,709
25,78,500
314,315,650
128,988,1101
184,366,1116
963,964,1011
275,496,1130
88,89,831
637,641,642
425,426,732
595,971,1140
401,429,980
195,948,1142
332,731,918
341,342,921
3,236,599
393,434,1018
73,824,847
660,1068,1071
605,778,873
712,713,1005
127,973,981
141,169,962
173,458,960
874,901,1149
657,672,1053
3,449,599
22,258,655
284,976,1144
684,685,686
1033,1039,1040
84,836,1066
97,828,844
586,587,904
532,640,817
398,725,994
114,914,924
160,441,547
23,258,1066
716,1134,1147
84,787,1066
658,660,1080
160,392,547
146,718,967
133,138,380
153,733,911
788,1095,1119
245,605,778
832,843,1070
279,631,804
809,900,905
826,1074,1098
364,475,698
76,824,1090
385,549,709
292,640,817
395,982,1133
243,461,773
770,848,1073
97,828,1099
354,948,1142
151,400,727
298,299,641
698,1115,1116
78,500,1121
781,789,1096
681,1036,1055
658,1047,1071
539,546,931
93,94,826
671,682,1045
478,613,783
197,948,1142
516,626,841
1052,1053,1055
683,686,1118
353,928,944
761,895,1060
686,999,1142
700,704,1000
456,766,767
595,929,943
770,1042,1073
822,828,1127
334,753,915
214,539,546
541,542,644
714,965,1137
656,1094,1104
43,572,936
148,162,422
448,598,769
388,389,420
353,750,914
353,354,685
879,1028,1079
6,13,651
127,363,973
77,833,845
43,523,936
277,845,1088
217,220,595
356,683,1006
771,776,1048
149,212,425
448,598,890
16,247,842
400,731,754
544,647,759
188,410,411
349,738,747
388,419,420
5,658,1099
219,564,1136
699,700,1015
19,86,481
242,603,773
77,833,1087
349,737,909
95,844,1098
628,629,801
731,733,918
933,982,987
645,649,756
128,185,953
721,1133,1134
799,1033,1058
176,375,1122
442,1011,1137
799,847,1053
117,157,728
665,1042,1045
96,840,844
71,72,838
262,487,488
711,964,998
10,242,374
746,910,920
1057,1078,1082
396,425,732
43,403,722
685,999,1143
95,96,844
788,1065,1066
187,952,986
229,230,940
770,848,886
324,743,919
226,594,1020
729,907,915
119,406,948
3,599,840
694,973,1003
523,572,936
670,1068,1069
34,200,557
569,590,1149
1033,1036,1039
319,753,915
719,720,1018
248,249,469
2,231,444
401,727,984
275,496,622
941,1001,1009
335,336,350
284,556,976
662,665,1076
599,840,871
627,628,800
789,792,853
26,357,498
562,581,582
779,837,1077
292,532,817
727,938,1004
113,326,912
260,485,784
339,340,346
771,776,848
297,722,936
457,766,870
102,843,1070
1059,1060,1079
55,102,1111
133,1085,1086
811,898,904
117,404,944
684,685,1117
568,589,906
715,996,1146
278,279,517
395,743,919
601,768,894
359,746,920
974,1085,1086
218,577,942
137,739,740
479,613,784
633,800,801
98,840,844
930,966,1084
818,819,1128
667,673,1036
359,910,920
434,931,1018
151,152,400
115,116,968
11,92,1109
564,575,1016
609,783,784
530,573,994
117,202,944
57,761,1060
26,498,1106
258,656,1095
304,1079,1128
54,55,1102
217,218,577
213,538,991
39,40,71
400,984,989
951,986,1124
49,547,1138
677,1045,1076
342,343,344
3,237,840
525,814,815
570,571,876
379,380,705
400,935,989
680,1034,1063
523,936,1013
763,883,1044
34,284,351
24,610,1120
814,865,892
318,652,1049
39,70,71
646,759,1111
649,756,757
711,930,998
344,746,910
830,1027,1135
262,607,891
16,468,842
232,444,764
240,241,455
670,675,1059
98,840,1099
561,562,581
764,766,870
259,485,785
34,283,284
240,454,455
33,72,626
939,1009,1022
291,626,841
946,947,1012
1039,1040,1044
135,177,416
297,573,936
315,438,439
412,413,736
326,741,922
847,1053,1090
23,1066,1120
143,421,422
363,693,1003
225,230,596
252,552,698
464,775,778
359,689,1125
116,117,202
249,470,604
339,346,913
973,981,983
659,1026,1028
379,416,738
355,1006,1012
107,835,1054
231,457,870
39,71,1049
95,770,826
799,1058,1132
652,664,1097
765,849,1046
252,253,607
31,76,1087
319,334,915
348,909,925
373,550,1126
217,220,221
153,210,212
821,880,1037
692,693,696
2,166,383
115,684,1117
130,186,411
6,7,95
828,1100,1127
715,716,1147
692,696,1115
597,601,602
78,845,1121
34,351,1144
112,335,739
15,89,1110
312,1070,1111
671,682,1047
17,252,263
505,615,1107
136,909,916
561,809,810
415,416,738
82,1057,1066
997,1023,1140
281,519,1141
85,829,1119
460,550,866
274,620,621
134,175,957
330,911,919
166,231,548
312,660,1068
558,559,876
338,348,917
291,838,1049
382,712,1137
619,793,878
624,797,1130
166,444,548
673,1065,1082
620,621,795
90,468,842
761,762,1068
391,715,1105
74,513,841
404,405,928
185,953,988
152,209,935
542,543,757
683,1012,1118
486,609,783
624,796,797
881,1040,1048
379,416,417
502,617,795
542,756,757
692,995,1114
289,630,631
369,735,917
655,673,1065
36,626,841
858,884,1132
494,794,795
597,890,1081
154,227,730
520,521,801
576,941,1021
594,898,1123
380,418,961
847,1053,1132
701,960,1086
628,633,801
928,944,968
87,88,1104
1052,1056,1058
304,879,1027
586,898,904
259,485,611
414,415,737
166,383,443
389,421,966
1074,1077,1109
325,328,922
350,739,752
122,123,408
237,1075,1098
158,419,962
948,999,1143
61,834,1079
390,991,1147
1035,1056,1058
398,399,531
805,1053,1058
324,743,908
369,736,751
44,640,1129
369,694,983
799,858,884
668,1071,1072
115,352,1117
234,601,894
157,433,728
345,346,745
126,187,189
640,817,818
939,1023,1025
147,162,423
107,110,318
854,1042,1073
361,687,990
813,888,896
653,1075,1098
287,633,863
154,730,926
874,906,1149
762,849,1100
256,257,480
651,1074,1077
727,938,993
80,277,798
297,725,994
399,726,727
440,755,1138
146,147,161
30,277,1078
1029,1030,1056
81,82,1057
395,743,908
484,485,785
35,198,285
535,637,815
243,244,603
737,751,925
581,899,900
174,374,460
397,398,530
200,521,557
610,785,786
416,738,747
339,913,920
46,67,1135
377,703,704
299,524,641
543,544,647
327,328,922
652,1051,1052
66,825,1135
288,511,893
214,306,540
70,1049,1050
98,449,840
846,856,1067
1040,1044,1045
388,930,1084
256,479,784
182,552,698
317,441,1138
692,955,1114
1,241,456
692,693,1114
947,999,1118
166,708,713
792,853,1108
929,971,1140
507,556,1145
128,369,1101
264,265,501
139,707,966
156,401,980
487,608,782
115,199,968
1,231,384
780,823,1103
303,528,529
9,777,1122
657,663,1090
354,748,750
285,508,634
426,732,733
114,728,914
444,445,764
951,990,1124
252,552,553
297,298,865
481,610,785
630,631,804
883,1043,1062
338,339,347
319,915,924
362,490,687
442,1005,1137
351,514,945
61,879,1079
726,727,993
477,612,782
376,702,703
559,578,903
955,992,1003
366,367,995
601,767,862
321,332,926
520,801,802
670,675,1061
14,21,656
689,970,979
565,867,1123
598,769,890
709,963,977
138,171,974
118,354,748
117,222,914
306,643,1139
670,1059,1064
769,890,1081
658,660,1071
568,569,874
54,100,1102
46,66,67
641,814,865
35,198,1145
180,414,415
959,1000,1010
54,658,1100
146,395,978
811,867,898
657,1051,1053
262,488,891
54,55,312
543,645,758
417,958,1085
47,670,1064
874,900,901
734,913,920
238,239,453
559,560,579
271,492,619
823,1094,1103
216,565,1123
107,108,835
1065,1066,1095
238,452,453
659,1026,1030
720,1018,1146
359,985,1125
810,874,1149
207,399,989
454,455,768
382,383,443
433,595,753
133,380,1085
156,203,980
140,711,969
313,436,437
152,153,400
776,848,854
851,883,887
41,292,640
395,717,718
270,615,618
617,623,795
382,712,1005
117,157,222
118,194,196
432,929,1140
379,705,1085
424,978,982
1030,1056,1063
242,706,866
232,444,445
351,352,683
278,517,631
253,254,612
845,1082,1088
715,1146,1147
342,750,914
378,467,957
658,1047,1075
182,365,698
286,287,509
656,1094,1095
343,749,750
124,125,360
448,769,871
450,451,963
542,645,757
615,618,878
131,415,738
541,542,756
609,611,613
330,732,919
53,312,670
419,740,741
120,355,686
61,62,1128
449,599,871
291,838,1051
933,1133,1134
541,755,756
239,597,602
955,995,1114
651,1077,1109
718,719,1134
321,331,918
247,1077,1110
252,253,864
264,501,624
671,1042,1045
53,1064,1069
22,1057,1078
64,819,879
667,677,1040
280,281,630
265,623,796
68,107,318
473,551,1122
51,311,545
222,595,943
845,1088,1121
250,603,875
128,129,369
77,845,1088
692,995,1116
466,1000,1019
567,588,905
237,653,1098
959,960,1010
26,192,1106
246,605,606
191,358,691
694,973,981
763,881,883
242,603,777
734,745,920
295,535,536
304,1027,1129
67,104,318
777,866,1122
380,927,961
587,811,904
64,879,1027
373,550,699
119,120,195
432,929,940
149,153,212
28,277,625
115,199,352
550,699,1015
10,243,603
400,401,428
108,806,835
94,826,1098
652,1054,1097
772,779,1077
31,277,663
395,718,1133
380,927,974
763,771,886
1041,1045,1048
102,436,1111
380,739,923
355,506,1012
137,380,923
850,852,1094
143,164,422
240,241,767
176,473,1122
336,350,916
369,983,1101
313,314,647
681,1034,1055
305,546,1105
103,104,318
663,1090,1132
372,458,459
183,695,992
44,303,640
796,797,1130
43,297,572
368,483,992
789,853,1096
433,595,929
659,1030,1032
76,833,1090
366,995,1116
311,544,647
248,605,606
238,452,871
838,855,1050
30,79,1078
533,534,816
25,277,1121
622,796,1130
217,1022,1023
372,458,701
260,486,609
244,462,774
838,847,1051
692,955,995
682,1047,1072
617,620,794
564,594,1020
110,318,835
942,997,1022
667,1092,1095
351,945,1144
302,527,528
853,1065,1108
351,683,1144
147,161,162
1071,1080,1100
303,528,639
584,939,1009
9,473,777
140,167,169
270,555,877
541,643,755
559,560,902
663,1087,1089
246,606,873
158,170,962
276,624,625
264,265,624
131,180,414
563,564,898
370,737,751
956,973,1003
813,1056,1063
6,237,1098
24,484,1120
123,746,748
585,1021,1024
128,695,1101
743,908,919
564,565,867
788,1066,1095
611,784,785
137,138,961
227,430,431
428,935,984
369,412,735
51,58,312
367,692,697
439,440,756
135,177,178
667,1095,1096
392,393,720
765,828,844
578,579,902
118,407,748
288,635,893
409,952,1125
1001,1021,1024
301,526,527
293,533,817
630,803,889
1041,1043,1044
146,395,967
377,378,467
443,713,977
700,959,1015
293,534,638
60,1064,1079
394,719,1002
464,465,873
105,1031,1067
656,662,677
220,222,943
514,557,976
946,1012,1118
972,980,984
70,71,1049
353,1117,1143
388,389,1084
337,909,925
931,932,1146
675,1059,1061
144,163,421
145,213,390
380,417,927
768,769,890
312,1068,1080
378,467,704
712,1005,1011
176,375,376
660,668,675
441,547,869
791,833,884
765,828,1099
58,312,843
124,360,913
290,512,631
305,546,931
139,165,714
437,647,758
47,61,1079
763,851,883
53,670,1064
1041,1042,1047
773,777,860
718,933,1133
312,1070,1102
1034,1035,1055
569,812,1149
353,968,1117
285,286,508
813,859,1029
643,644,755
772,848,1073
231,457,766
718,719,1002
1073,1075,1098
331,332,918
762,851,1071
808,899,904
509,633,800
900,905,906
667,677,679
17,184,1116
395,423,744
685,686,1118
217,1022,1091
761,827,895
529,640,817
45,1027,1129
835,1054,1067
217,577,1091
24,84,1120
708,870,1113
799,1033,1038
67,1031,1135
352,1117,1118
780,788,829
342,344,921
166,231,444
50,305,1139
772,1074,1109
671,1042,1047
642,814,815
606,842,873
713,977,1005
570,812,876
460,550,1112
88,823,1103
157,404,944
667,1036,1096
357,499,690
14,1093,1104
701,959,1010
946,968,1117
834,895,1060
205,402,1004
847,1051,1090
704,705,1010
954,1014,1115
508,556,868
600,601,862
694,973,983
450,709,963
140,387,711
246,464,605
344,345,746
652,664,672
771,1041,1042
1053,1058,1132
559,579,902
478,479,613
79,81,1078
1073,1074,1077
164,421,422
570,902,903
64,1027,1129
844,1098,1099
727,938,984
834,885,1028
791,1082,1108
726,937,994
79,277,845
402,522,1004
570,591,903
240,597,768
62,818,819
1057,1066,1078
954,1115,1116
6,13,94
274,494,1131
450,963,977
72,291,626
53,57,1064
36,37,291
380,961,974
331,332,731
228,229,431
1,231,241
789,857,1096
237,653,658
835,856,1067
18,252,253
1068,1070,1080
239,454,769
455,456,767
1062,1068,1072
825,830,859
131,136,909
86,258,787
552,698,954
218,971,1091
278,279,631
739,740,912
884,1108,1132
663,673,1088
1031,1067,1097
74,291,838
113,739,912
475,552,954
1076,1092,1094
379,417,752
281,630,802
121,970,979
776,1048,1076
1026,1031,1135
354,406,748
469,470,778
616,617,794
884,1089,1132
128,368,695
364,475,1014
352,683,945
1045,1048,1076
495,496,622
225,939,1023
46,659,1027
171,172,961
951,990,1007
1026,1030,1031
136,415,416
109,110,897
788,857,1095
326,388,922
810,900,901
349,738,916
8,237,599
326,327,912
577,942,1091
370,751,917
611,613,784
325,326,922
225,229,230
645,647,758
949,950,975
16,468,606
107,318,1054
512,804,872
157,222,433
69,70,806
1034,1039,1083
354,750,921
258,1066,1120
409,410,952
167,964,969
367,483,1114
88,1103,1104
645,647,650
134,378,957
430,729,730
137,172,961
654,1028,1059
653,1073,1098
942,971,997
1041,1043,1046
360,409,745
226,586,1123
42,297,636
101,1102,1127
689,951,970
183,185,988
131,909,925
312,1068,1069
53,57,59
123,194,408
1036,1108,1132
813,888,1063
687,950,1017
377,466,703
883,1039,1044
507,976,1145
482,553,995
67,105,1135
1080,1100,1127
297,936,994
158,170,172
770,1075,1098
799,805,1053
280,630,803
121,191,691
215,563,583
165,381,442
762,828,1100
482,553,1116
788,836,1119
536,637,892
318,1049,1054
637,641,892
736,751,917
874,900,905
213,390,721
151,935,989
431,432,729
284,556,1145
307,541,1139
400,401,727
153,426,732
776,850,1076
947,948,1142
245,604,605
282,629,1141
207,399,993
714,965,998
256,479,480
931,996,1146
22,1066,1078
121,193,979
512,631,889
112,113,912
956,988,992
987,991,1134
340,345,920
431,596,729
327,740,912
331,732,733
273,493,620
194,407,408
141,962,969
112,326,912
666,676,678
174,373,1112
539,931,996
161,162,978
52,57,58
277,1088,1121
723,724,727
279,517,804
227,230,431
930,998,1084
714,965,1011
286,633,800
157,222,943
240,768,1081
105,106,835
886,1042,1046
691,951,970
51,545,646
510,511,893
1043,1072,1083
525,641,814
269,505,615
743,744,919
1038,1108,1132
761,762,832
154,429,430
697,992,1114
385,450,549
387,451,710
833,1089,1090
352,946,1117
669,681,1036
303,528,817
352,684,1117
276,496,497
1092,1095,1096
316,317,440
255,478,479
252,553,864
304,879,1128
495,795,1131
154,155,204
270,615,877
780,1094,1103
120,685,686
272,492,619
805,855,1053
233,445,862
821,883,1044
895,1028,1060
722,936,1013
667,1040,1096
42,208,636
704,959,1000
799,884,1038
35,284,356
107,109,110
477,478,612
144,389,421
658,671,1047
568,905,906
247,662,1077
762,849,851
676,1056,1063
250,470,471
310,645,647
724,972,1004
313,437,759
329,744,919
255,478,613
72,516,841
737,738,909
442,965,1137
227,430,730
716,718,1134
771,1041,1044
243,244,462
146,161,978
938,989,993
546,869,1139
629,801,802
293,534,816
45,46,63
275,622,1130
184,366,482
439,650,757
244,463,775
550,699,1019
938,993,1004
673,1082,1108
932,991,996
1059,1060,1061
17,252,1116
231,384,1113
518,519,803
377,466,1000
333,729,915
788,836,1066
820,1059,1063
35,198,507
347,735,913
677,1076,1092
396,424,744
120,686,1142
287,509,510
87,823,1104
7,95,1098
403,522,723
200,283,557
432,433,753
791,884,1108
799,858,1132
656,1092,1095
790,857,1065
251,471,860
470,604,875
621,795,1131
1044,1045,1083
380,752,923
532,818,1128
484,610,786
763,1046,1071
459,550,1126
9,375,1122
493,620,794
768,769,1081
60,61,834
700,703,704
2,166,444
145,721,987
55,56,1111
103,318,897
129,185,186
143,144,164
308,309,645
380,916,923
145,934,987
540,541,1139
3,236,449
82,83,1066
827,1060,1064
690,1007,1017
17,252,553
305,643,1139
111,319,334
233,445,446
110,318,839
393,435,719
285,508,627
449,840,871
174,459,550
487,782,783
354,406,750
337,348,917
808,811,861
192,505,555
451,710,963
678,680,681
568,861,905
122,359,979
225,939,1025
812,902,1149
761,887,895
30,79,277
400,935,984
393,394,435
896,1037,1083
57,1064,1069
307,541,644
367,368,483
652,1049,1052
17,184,489
17,263,553
418,927,961
684,1117,1118
66,67,105
738,747,916
284,557,1144
403,522,523
51,58,545
226,585,594
60,827,834
361,687,688
595,929,1140
708,709,713
834,879,1028
50,305,391
314,650,758
250,251,603
125,360,952
626,632,841
959,1015,1126
582,808,899
630,803,893
810,874,900
880,1033,1058
69,70,1050
655,1057,1065
137,142,158
143,162,422
91,837,1109
249,469,778
19,610,786
712,963,1005
19,86,786
307,643,1139
434,547,931
11,247,842
772,837,1077
838,847,855
71,838,1050
391,538,539
117,222,223
1040,1045,1076
683,945,976
1036,1038,1132
681,1036,1039
354,405,1143
536,537,892
176,376,1019
382,442,1137
154,227,228
401,428,980
432,433,929
369,413,751
138,961,974
289,631,889
165,965,966
5,1100,1102
17,252,366
444,548,870
61,62,879
609,614,783
116,201,968
833,858,1089
788,829,1094
693,697,992
779,831,837
857,1065,1095
68,70,1049
562,808,809
511,889,893
364,365,698
805,807,1052
96,237,1098
585,594,1020
447,890,894
710,714,1137
154,754,926
571,839,876
18,252,552
762,822,832
666,676,1030
762,1080,1127
90,837,842
113,739,740
192,269,505
260,611,784
559,812,876
687,949,1106
588,589,906
279,630,804
244,774,775
320,332,907
537,573,865
235,602,890
231,444,548
400,401,984
947,1012,1118
837,1077,1110
390,721,1147
216,565,566
239,454,1081
869,1138,1139
151,207,399
495,621,795
945,976,1144
27,190,491
1042,1045,1076
859,885,888
68,318,652
182,475,552
567,904,905
653,658,671
826,1073,1074
249,469,470
297,573,865
827,1064,1079
393,434,720
14,89,1104
317,648,1138
270,555,949
559,902,903
132,370,981
23,83,84
19,257,481
146,161,967
321,918,926
779,780,1103
668,675,680
628,800,801
301,526,815
548,708,713
666,1059,1063
933,967,982
236,599,871
27,270,554
712,714,1137
850,854,1076
955,1003,1014
401,980,1148
243,461,462
502,623,796
540,755,869
289,512,889
730,754,926
76,77,1087
19,20,258
28,798,1121
851,883,1043
84,484,787
453,598,871
192,505,1107
156,205,724
269,615,1107
232,600,764
58,545,760
305,546,869
41,48,62
848,1042,1048
376,702,1019
446,447,894
4,97,98
619,793,794
100,822,832
858,1089,1090
578,902,903
570,902,1149
6,653,1074
432,729,753
219,564,583
928,968,999
287,509,633
1094,1104,1119
490,975,990
41,48,304
332,754,926
353,685,1117
432,595,1140
469,605,873
29,79,80
120,354,1142
331,732,911
711,930,969
1092,1093,1094
355,356,683
807,1056,1058
855,1051,1052
117,157,404
396,934,982
351,352,515
400,401,918
353,928,1117
251,471,875
938,984,1148
504,615,793
569,589,1149
1049,1050,1054
51,312,1111
354,405,406
346,347,913
530,531,994
307,643,644
887,1061,1062
7,96,237
112,335,923
38,663,1090
548,549,870
707,965,998
147,395,978
589,901,1149
953,988,1101
312,1069,1070
442,1005,1011
146,395,718
1061,1062,1068
50,546,1139
250,251,471
694,983,1101
296,636,892
669,1055,1132
1022,1023,1091
618,619,878
270,1106,1107
268,269,505
568,588,906
423,424,978
652,1049,1054
143,144,421
145,717,721
874,901,906
608,609,614
359,745,920
99,100,822
821,881,883
830,859,1026
406,407,748
596,940,1140
963,1005,1011
324,328,743
729,730,907
947,948,999
281,519,520
707,714,998
605,606,873
937,993,994
1075,1099,1100
931,932,1018
771,886,1042
595,1091,1140
677,1040,1092
1068,1071,1072
32,277,1088
333,729,730
382,442,1005
813,859,888
939,997,1022
2,232,600
1060,1064,1079
149,425,732
241,597,767
1055,1056,1058
246,465,606
927,1008,1085
859,1026,1029
102,760,1111
537,865,892
139,165,707
417,418,927
267,268,504
595,1023,1140
558,578,897
847,858,1090
675,1062,1072
14,21,88
335,350,916
630,635,893
90,247,1110
191,358,1007
680,1039,1083
21,87,1104
300,642,815
765,886,1046
136,416,738
717,721,987
254,477,612
498,949,1106
140,141,969
243,244,774
266,502,623
1042,1046,1075
1027,1028,1079
355,683,1012
563,564,583
129,130,186
373,459,1126
600,764,766
218,942,971
657,663,669
773,777,866
1103,1104,1110
781,1092,1096
44,529,640
176,702,1019
31,277,1087
1045,1047,1072
96,844,1098
268,504,616
85,836,1119
536,814,892
884,1038,1132
317,440,441
339,346,347
895,1059,1061
652,661,664
576,1021,1136
552,553,864
446,862,894
457,870,1113
851,1062,1072
835,846,1067
779,780,850
85,87,829
571,591,897
584,1001,1009
791,1057,1082
391,539,1105
39,70,1049
846,1031,1067
521,557,627
236,448,449
1022,1023,1025
1034,1037,1083
354,748,921
761,1061,1068
112,739,923
513,632,872
569,810,1149
17,263,489
48,61,1128
393,435,1018
498,499,1017
851,1043,1072
31,32,77
13,651,1074
762,849,1071
232,233,862
701,705,1086
522,723,1013
1043,1046,1047
349,747,916
158,172,961
56,646,1111
666,675,1062
549,708,1113
802,863,893
137,142,912
1061,1068,1072
239,597,1081
48,304,1128
304,654,1027
14,1093,1110
259,260,611
320,321,332
1054,1067,1097
226,565,1123
540,546,869
141,142,388
167,711,969
668,682,1072
104,106,1067
355,356,1006
115,684,685
187,189,986
553,954,995
928,999,1143
166,443,548
177,416,958
468,469,873
134,379,958
23,258,1120
553,954,1116
213,390,538
383,443,713
369,694,1101
73,847,1090
84,787,1120
50,214,306
685,999,1142
530,573,725
179,180,981
594,867,1123
262,487,608
389,741,742
721,991,1147
80,497,798
669,1036,1055
699,703,1015
150,396,934
169,962,969
35,507,1145
1033,1036,1038
564,565,594
501,624,796
90,842,1109
47,53,670
693,695,697
883,896,1037
538,996,1147
656,667,1095
405,928,1143
14,88,89
741,742,922
385,549,1113
825,859,1031
83,788,836
249,604,605
929,997,1140
523,722,936
703,1015,1019
728,753,924
409,979,985
133,171,974
256,257,611
569,874,1149
454,768,769
260,261,486
283,557,627
187,188,952
1043,1047,1072
124,125,410
364,475,1115
833,1087,1090
564,594,1136
479,613,783
584,585,1001
78,798,845
609,611,784
356,507,1006
390,538,1147
106,835,839
77,78,845
120,948,1142
665,1042,1073
1052,1056,1097
191,358,499
9,473,1122
349,738,909
5,54,100
617,621,623
615,793,878
564,575,1136
119,195,406
10,242,1112
284,356,1145
268,269,615
629,635,802
633,801,863
293,294,638
554,877,878
199,352,515
12,13,91
101,102,1070
304,879,1079
18,252,864
24,84,484
770,772,848
561,562,809
721,987,1134
5,97,1099
44,64,1129
151,399,989
765,1046,1075
763,771,1044
22,30,82
844,1075,1099
695,988,992
245,464,605
353,354,405
439,648,649
241,601,767
791,1065,1108
762,1071,1080
377,378,704
401,724,727
266,267,503
80,798,845
89,831,837
440,441,1138
389,420,742
556,557,627
1034,1035,1037
190,554,618
262,263,891
373,550,1112
397,530,725
859,1026,1031
102,843,1111
251,603,860
151,727,989
543,645,647
192,555,1106
104,105,1031
561,810,900
771,848,886
250,603,604
820,883,896
104,318,1031
299,300,642
301,638,816
40,71,291
274,494,495
184,482,1116
314,315,438
559,578,579
9,251,472
617,794,795
243,461,774
30,79,81
144,421,966
359,408,979
111,114,914
218,574,577
354,948,1143
282,628,629
807,1035,1056
140,388,969
941,1009,1021
808,809,861
665,1045,1076
229,230,431
21,87,1119
83,836,1066
1028,1032,1059
115,968,1117
603,774,875
51,545,760
316,440,648
531,726,994
624,625,1130
761,895,1061
315,316,649
20,85,86
325,743,908
69,1049,1054
876,902,903
270,949,975
270,687,975
142,419,962
148,162,423
622,795,796
388,711,930
821,883,1037
671,1045,1047
13,91,93
318,661,1031
493,793,878
32,77,78
21,1104,1119
487,488,782
184,482,553
134,379,705
478,614,783
476,782,864
149,212,426
660,670,1068
560,810,901
399,727,989
779,780,1094
942,1022,1091
441,755,1138
143,742,922
584,1001,1024
404,928,944
1087,1089,1090
718,1133,1134
400,427,428
628,633,800
395,396,982
157,433,943
176,376,702
353,404,749
951,1124,1125
440,648,756
77,833,1088
337,338,917
746,748,910
26,270,1107
71,806,1050
809,861,899
1053,1055,1058
645,649,757
263,607,891
339,347,913
939,942,1022
416,417,958
776,781,1048
118,354,921
224,225,939
655,667,673
681,1034,1039
667,1065,1108
940,997,1140
122,194,408
71,1049,1050
31,77,1087
637,638,642
152,153,210
328,329,743
12,91,92
359,409,1125
11,92,842
128,369,953
770,826,1098
678,1034,1055
954,955,1014
359,360,1125
199,352,946
787,836,1119
488,608,782
79,277,1082
657,669,1053
1028,1060,1079
23,24,258
674,678,1055
348,737,751
514,945,976
932,991,1002
1033,1036,1040
25,500,625
318,652,661
65,830,1027
156,401,724
585,592,1020
662,665,1077
358,499,1007
627,628,801
480,481,785
655,1065,1082
896,1056,1063
76,833,1087
345,910,920
833,845,1088
312,760,1111
26,269,615
434,720,931
361,990,1124
309,542,543
644,649,756
244,603,774
581,582,899
122,123,194
97,844,1099
291,1051,1090
613,614,783
34,284,1144
684,685,1118
550,551,699
379,417,747
896,1037,1063
604,775,778
789,792,1096
941,942,1022
309,310,543
260,261,609
75,76,1090
44,529,818
395,717,1133
289,290,631
849,1071,1100
13,91,1074
636,865,892
534,638,816
38,291,657
235,447,890
407,408,746
322,323,911
268,505,615
818,819,1129
1043,1044,1045
608,612,782
49,305,317
154,401,429
55,101,1102
931,932,996
950,975,990
667,677,1092
400,731,918
43,722,936
500,624,797
86,481,786
263,488,891
265,622,623
650,757,758
34,351,514
210,427,935
217,595,1023
824,833,858
107,318,1049
153,911,918
156,724,972
1061,1062,1072
280,281,803
935,984,989
43,403,523
951,986,1125
686,947,1142
436,760,1111
101,843,1070
503,617,795
603,604,774
395,908,919
596,940,1023
370,751,925
932,996,1146
324,325,328
412,413,953
162,423,978
494,495,795
929,940,997
1001,1009,1024
742,743,922
270,554,877
1033,1034,1036
569,589,590
1029,1030,1097
28,277,798
247,606,842
345,346,920
357,1017,1106
6,651,1074
543,645,757
637,814,815
283,521,627
92,837,1109
401,727,1148
45,63,64
244,462,463
712,963,1011
267,268,616
227,729,915
6,237,653
155,401,980
271,492,618
58,312,1069
23,24,84
253,254,477
101,832,843
273,493,494
767,768,894
882,1033,1038
787,836,1066
144,389,966
432,940,1140
403,522,1013
643,1138,1139
861,899,905
159,394,1002
676,1030,1097
59,827,1064
715,720,1146
394,718,1002
300,301,526
328,743,922
267,503,617
1043,1045,1083
568,588,589
252,698,1116
473,551,866
388,962,969
133,705,1086
231,457,1113
807,1035,1058
390,715,716
386,387,451
305,317,1138
462,463,775
355,686,1142
805,807,1058
542,645,756
131,415,737
666,1062,1072
233,601,862
821,1039,1044
139,165,966
35,356,507
377,703,1000
272,492,493
661,1031,1067
589,590,902
131,737,909
278,517,872
16,248,468
133,371,701
54,312,1080
522,723,1004
95,826,1098
218,574,942
821,883,1039
879,1079,1128
452,599,871
235,598,602
333,730,907
760,843,1111
854,1042,1048
238,598,599
81,82,790
699,700,1126
692,995,1115
672,1053,1055
342,343,750
54,101,1102
674,678,681
628,629,1141
217,595,1091
779,1076,1094
155,203,980
830,879,1027
220,595,971
1033,1037,1039
14,89,1110
47,48,304
766,767,862
661,1030,1097
224,229,939
569,589,874
48,1079,1128
711,714,998
701,704,959
269,505,1107
267,616,617
293,638,639
22,30,1078
75,76,824
577,941,942
566,867,1123
105,825,1135
314,437,647
680,681,1034
301,815,816
151,209,935
274,275,495
673,1036,1108
139,144,707
789,852,857
544,545,646
143,164,421
319,320,915
654,1059,1064
46,63,65
131,132,370
402,723,1004
348,751,917
207,989,993
690,950,1017
140,169,969
385,386,709
37,38,291
447,448,890
120,195,1142
659,1030,1031
133,171,1086
932,1002,1018
133,701,1086
982,987,1133
659,661,676
373,700,1126
359,746,910
386,450,963
622,624,1130
76,1087,1090
664,672,1052
311,544,646
504,505,793
564,594,898
338,347,735
792,853,1096
288,289,889
130,913,917
683,684,686
39,68,1049
517,518,804
242,773,866
289,290,512
686,947,1118
781,1038,1040
135,136,379
217,577,1022
782,864,891
830,859,885
28,277,1121
770,772,826
294,534,638
99,828,1127
837,1109,1110
692,955,1115
933,987,1134
676,678,1063
636,637,892
101,1070,1102
133,171,173
487,608,783
776,781,850
290,631,872
881,882,1040
35,284,285
792,884,1038
851,1071,1072
388,389,707
819,1128,1129
30,655,1078
91,92,1109
887,1061,1068
821,1037,1039
790,791,853
524,814,865
880,896,1035
337,348,925
299,525,641
349,909,916
710,712,963
668,680,1072
550,866,1112
1028,1059,1060
549,870,1113
583,594,898
373,374,699
48,61,1079
296,537,892
477,478,783
661,1030,1031
477,612,783
928,948,1143
326,327,922
237,840,1099
112,912,923
390,715,1147
127,181,973
154,227,907
70,71,806
236,448,871
326,741,912
29,30,277
337,348,349
585,592,593
288,889,893
433,595,728
1039,1044,1045
690,691,1007
249,250,470
813,1029,1063
465,606,842
196,406,407
939,1009,1025
23,24,1120
147,148,423
267,504,616
48,304,1079
1046,1047,1100
432,595,596
211,212,934
305,317,643
312,843,1069
47,304,1079
953,983,988
687,688,950
225,584,939
22,23,83
130,411,735
810,812,902
636,641,865
120,354,948
388,419,962
820,883,887
846,856,1097
719,1002,1018
369,953,983
305,715,931
443,548,713
476,477,782
1043,1045,1072
389,741,922
206,298,524
299,300,525
721,1134,1147
967,978,982
665,677,1045
882,1033,1040
318,835,839
567,587,588
559,810,812
257,610,785
1041,1042,1046
361,490,1124
710,714,1011
1050,1052,1054
305,392,547
369,412,413
162,164,422
297,722,994
347,348,917
597,768,890
808,811,898
373,699,700
290,512,872
1034,1037,1063
137,158,739
941,1021,1022
285,508,556
35,284,1145
663,1088,1089
483,697,1114
292,533,817
136,738,916
400,731,733
58,760,843
260,486,784
117,353,404
9,242,777
261,486,609
849,1046,1100
126,361,1124
560,579,902
443,713,1005
451,963,964
22,1057,1066
57,58,1069
282,521,628
580,900,901
577,942,1022
395,744,919
154,204,430
1033,1038,1132
503,794,795
352,945,1118
352,683,1118
148,395,743
36,291,841
187,986,1125
47,60,61
500,624,625
299,641,642
673,1108,1132
127,370,981
384,457,1113
395,396,744
586,898,1123
316,439,440
631,804,872
124,186,411
883,1039,1083
574,577,942
284,285,627
38,657,1090
932,1146,1147
338,913,917
38,291,1090
168,549,1113
646,760,1111
72,291,841
227,729,730
297,573,994
930,969,998
145,211,213
305,547,931
262,608,891
91,93,826
740,741,912
772,1077,1109
233,234,894
367,692,1114
252,552,864
673,1089,1108
203,204,980
641,642,814
240,597,767
190,271,618
211,934,987
1034,1036,1055
475,552,698
715,931,996
439,649,650
224,584,593
189,986,1125
216,566,586
226,585,1020
497,625,797
664,1052,1097
463,464,775
888,895,1059
165,965,1137
280,518,519
21,85,1119
135,177,958
851,887,1062
50,539,1105
659,676,1030
597,601,768
853,1065,1096
470,775,875
38,73,75
176,551,1019
475,698,1115
343,749,914
360,745,920
1036,1040,1096
686,947,999
589,901,902
543,544,758
799,1053,1058
385,450,709
380,417,418
206,523,572
821,882,1033
543,757,758
436,437,759
765,1075,1100
1076,1092,1093
290,631,632
763,851,1071
617,620,795
504,793,794
667,1092,1096
352,515,946
517,631,804
440,441,755
686,947,1012
672,1051,1053
121,191,193
195,406,948
701,960,1010
15,90,1110
307,308,541
236,598,599
270,555,1107
143,162,164
426,427,733
942,971,1091
687,950,990
281,520,1141
27,270,362
575,576,941
620,794,1131
880,896,1037
423,424,744
25,625,1121
395,424,982
764,766,862
1036,1096,1108
73,75,1090
955,992,1114
651,1074,1109
640,1128,1129
382,1005,1137
493,619,878
152,210,935
310,544,647
14,662,1093
551,706,1122
228,229,230
661,676,1030
362,687,975
852,1094,1095
370,917,925
371,458,701
8,237,840
358,499,690
1037,1039,1083
199,201,968
1041,1043,1045
264,624,625
1038,1040,1096
616,620,794
369,736,917
468,842,873
109,558,897
392,547,720
680,1063,1072
353,405,750
788,829,836
266,267,617
107,108,1054
96,237,840
355,506,947
1016,1020,1021
1068,1071,1080
70,71,1050
382,443,713
147,395,423
117,404,749
675,1059,1062
1,231,1113
351,683,945
2,231,383
115,353,1117
149,150,212
193,194,979
803,804,889
27,554,618
762,765,1100
231,600,766
105,835,846
138,171,172
113,740,912
280,518,803
437,647,759
655,667,1095
1008,1085,1086
355,686,1012
360,409,410
300,301,638
1041,1042,1048
358,691,1007
231,764,766
273,493,619
81,790,1057
779,850,1076
265,624,796
215,219,583
688,690,691
951,970,985
62,818,1128
233,862,894
142,740,741
565,594,1020
792,799,1038
535,638,815
338,347,913
489,553,864
448,598,871
55,312,1102
29,30,79
67,661,1031
304,654,659
992,1003,1114
171,173,974
34,200,283
286,287,633
701,705,960
159,967,1002
277,845,1082
1099,1100,1102
276,622,1130
289,512,631
653,665,671
607,608,782
291,652,1049
761,887,1068
492,493,619
359,408,409
603,773,777
517,631,872
126,1124,1125
680,682,1072
321,331,332
805,855,1052
467,704,957
895,1028,1059
334,729,915
508,556,627
259,260,485
781,1040,1048
629,635,863
88,823,1104
805,847,1053
462,774,775
834,885,895
182,365,475
678,681,1055
792,884,1108
355,683,686
807,846,856
665,671,682
192,269,1107
167,711,964
1061,1064,1069
709,710,963
