111
112
113
114
117
118
123
124
130
131
136
137
142
143
148
149
153
154
157
158
162
164
170
172
178
180
186
188
194
196
202
204
210
212
222
223
227
228
319
320
321
322
323
324
325
326
327
328
329
330
331
332
333
334
335
336
337
338
339
340
341
342
343
344
345
346
347
348
349
350
353
354
359
360
369
370
379
380
388
389
395
396
400
401
404
405
406
407
408
409
410
411
412
413
414
415
416
417
418
419
420
421
422
423
424
425
426
427
428
429
430
431
432
433
595
596
728
729
730
731
732
733
734
735
736
737
738
739
740
741
742
743
744
745
746
747
748
749
750
751
752
753
754
907
908
909
910
911
912
913
914
915
916
917
918
919
920
921
922
923
924
925
926
