1, 1026, 1027, 1028,  885
2, 1026, 1029,  859,  885
3, 1026, 1030,  659, 1031
4, 1026, 1032,  659, 1030
5, 1033, 1034, 1035, 1036
6, 1033,  880, 1037,  821
7, 1033, 1038,  799,  882
8, 1033,  821, 1037, 1039
9, 1033,  882, 1040, 1038
10, 1041,  886, 1042,  771
11, 1041, 1043, 1044, 1045
12, 1041, 1046, 1043, 1047
13, 1041, 1045, 1048, 1042
14,  838,   71, 1049, 1050
15, 1051, 1052,  855, 1050
16, 1053, 1051, 1052,  855
17, 1049, 1052, 1050, 1054
18, 1052, 1054,  856, 1050
19, 1049,   71,   70, 1050
20, 1051, 1052, 1050, 1049
21, 1050, 1052,  855,  856
22, 1033, 1035, 1037,  880
23, 1035, 1055, 1034, 1056
24, 1035, 1056, 1037,  896
25,   82,   30, 1057,   81
26, 1035, 1056,  807, 1058
27,  807, 1035,  896, 1056
28, 1059,  895, 1060, 1061
29, 1059, 1061, 1062,  887
30,   82,   22, 1057,   30
31, 1062,  675, 1061, 1059
32, 1059, 1032, 1063,  666
33, 1059,  670, 1061, 1064
34, 1059, 1032,  666,  654
35, 1059, 1061,  670,  675
36,  790, 1065, 1057, 1066
37,  835, 1054,  107,  108
38, 1050,   69, 1054,  806
39,  108,  835,  110,  107
40, 1054,  661, 1067,  318
41,  312, 1068,  670, 1069
42, 1068, 1069,  312, 1070
43, 1068,  887, 1061,  761
44, 1068, 1071,  851,  762
45, 1068,  670, 1061,  675
46, 1062, 1068, 1072,  851
47, 1068,  670, 1069, 1061
48, 1068,  675, 1072,  660
49, 1073, 1042,  770,  848
50, 1073, 1074,  772,  826
51, 1073, 1075, 1042,  653
52, 1073, 1076, 1042,  854
53, 1074,  665,  651,  653
54, 1073,  665, 1076, 1077
55, 1077,  665,  651, 1074
56,  895, 1061,  761, 1060
57,   30, 1057,   81, 1078
58, 1060, 1069,  761,   57
59, 1060, 1069,   57, 1064
60, 1060, 1069, 1061,  761
61, 1059, 1060, 1028, 1079
62,  973,  127,  363,  694
63, 1059, 1028,  654, 1079
64, 1028, 1079, 1027,  654
65, 1060,  895, 1028,  834
66, 1028, 1079,  834,  879
67, 1028, 1079,  879, 1027
68, 1060, 1064,   57,  827
69, 1059, 1028, 1060,  895
70,   53, 1069,  670, 1064
71, 1069,   52,   58,   57
72,  660,  312, 1080, 1068
73,  312,   53, 1069,  670
74, 1069,  843,   58,  312
75, 1081,  768,  769,  890
76,  597,  890,  601,  768
77,   22, 1057,   30, 1078
78,  453,  769,  239,  454
79,  769,  239,  454, 1081
80, 1081,  454,  240,  239
81,  182,  698,  475,  365
82,  240, 1081,  768,  454
83,  598,  602,  239,  769
84, 1057,   79,   81, 1078
85, 1071, 1043, 1047, 1072
86, 1041, 1044,  763,  771
87,  883, 1044,  763, 1043
88, 1057,  655, 1082, 1078
89, 1043, 1072,  851, 1062
90, 1043, 1083, 1062,  883
91, 1043, 1044, 1045, 1083
92,  741,  420,  388,  389
93,  420,  388,  389, 1084
94, 1084,  998,  930,  711
95, 1066, 1057,   22, 1078
96,  421,  420,  389,  966
97, 1084,  711,  930,  388
98, 1084,  998,  707,  966
99, 1082,  277, 1078,  673
100, 1085,  705, 1008,  958
101,  417,  958,  379, 1085
102,  277, 1078,  673,   30
103,  194,  123,  408,  122
104, 1085,  927,  974,  380
105,  747,  417,  379,  752
106, 1065,  673, 1082,  655
107,  380,  417,  379, 1085
108, 1048, 1042,  848,  771
109, 1041, 1043,  763, 1044
110, 1048, 1044,  771,  881
111, 1048, 1042,  854,  848
112, 1048, 1076, 1045, 1040
113, 1086,  960, 1008,  705
114, 1048, 1076,  854, 1042
115, 1087, 1088,  833, 1089
116, 1087,  833, 1088,   77
117, 1087, 1088, 1089,  663
118, 1087, 1088,  663,  277
119,   82,  790, 1057, 1066
120,   78,   77,   32, 1088
121, 1087, 1088,  277,   32
122,   31, 1090,   38,  663
123,  574,  218,  577,  942
124, 1078, 1066, 1057,  655
125, 1091,  217, 1023,  595
126, 1091, 1022,  217,  577
127, 1091,  997, 1023, 1022
128, 1091,  971,  218,  221
129, 1091,  220,  971,  221
130, 1091, 1022,  942,  997
131, 1092, 1093,  656, 1094
132, 1092, 1095,  656,  667
133, 1092, 1096, 1040,  781
134, 1092, 1076,  781, 1040
135, 1092, 1096,  667, 1040
136,  856, 1054,  806, 1050
137,  969,  962,  141,  169
138,  664, 1097,  652,  661
139, 1025, 1024, 1022, 1009
140, 1054, 1049,  107,  108
141,  107,  318,   68, 1049
142, 1050,  838, 1051, 1049
143,  652, 1051,  291, 1049
144,   71,   70, 1050,  806
145, 1049, 1050,   69, 1054
146, 1075,  844, 1098,  770
147, 1075, 1099, 1098,  844
148,  655,   30,  673, 1078
149,  765, 1099, 1100, 1075
150,  824,   75, 1090,   73
151, 1075, 1100,  765, 1046
152,  694,  983,  369, 1101
153, 1080,  660,  658,   54
154,  992,  988,  956,  695
155,  988,  956,  695, 1101
156,  956,  983,  694, 1101
157,   54, 1100, 1080, 1102
158,  695,  956,  694, 1101
159, 1049, 1054,   69,  108
160, 1103, 1094,  780,  823
161, 1054,   69,  108,  806
162,  823, 1104,  829,   87
163, 1094, 1103, 1104,  823
164,   88,  823,   87, 1104
165, 1103,   89, 1104,   88
166, 1105,  931,  996,  715
167, 1105,  996,  539,  391
168,  749,  728,  117,  157
169, 1025,  584, 1024, 1009
170, 1105,   50,  546,  305
171, 1105,  305,  931,  715
172, 1106,  555,  498,  192
173, 1106,  192, 1107,  555
174,  427,  731,  400,  733
175, 1106,  498,  949, 1017
176, 1106,  270, 1107,   26
177,  159,  146,  718,  394
178, 1106,  949,  687, 1017
179, 1106,  687,  949,  270
180, 1082, 1088,  791,  845
181, 1082, 1088,  673, 1089
182,  659,   46, 1031,   67
183,   30,   22, 1078,  655
184,  655,   22, 1078, 1066
185,  791, 1057, 1065, 1082
186, 1082, 1088,  845,  277
187, 1082, 1065,  791, 1108
188,   29,  277,   30,   79
189,  318,  104, 1031, 1067
190,  655, 1066, 1057, 1065
191, 1109,  247, 1077, 1110
192, 1109, 1077,  772,  837
193, 1109,  772, 1077, 1074
194,  842,   90,  247, 1109
195, 1109,   11,  842,   92
196, 1109, 1074,   13,   91
197,  974,  380,  133, 1085
198, 1109,   11,   92,   12
199, 1111, 1070,  312,  843
200, 1111,  760,   51,  646
201, 1111,  760,  312,   51
202, 1111, 1070,  102,   55
203, 1111,  102,  760,  436
204, 1111,  760,  102,  843
205, 1111,   55,  102,   56
206,   60, 1079,   47,   61
207, 1043, 1083, 1072, 1062
208,   47, 1064,  654, 1079
209, 1087,   31,  277,  663
210, 1112,  174,  550,  460
211,   10,  242,  773,  460
212, 1112,  699,  550,  373
213,  866, 1112,  460,  242
214,  705, 1085, 1086,  133
215, 1112,  460,   10,  374
216,  699,  866,  242, 1112
217,  939, 1023, 1022, 1025
218,   75, 1090,   73,   38
219, 1113,  549,  385,  168
220, 1113,  457,  549,  168
221,  870,  231,  766,  457
222, 1113,  457,  384,    1
223, 1113,  549,  708,  385
224, 1113,  708,  870,  231
225, 1055, 1097, 1056, 1052
226, 1055, 1097,  676, 1056
227,  664, 1055, 1097,  676
228,  676,  678,  674, 1055
229, 1035, 1056, 1034, 1037
230, 1055, 1053, 1052, 1058
231, 1055, 1052,  672,  664
232, 1114,  955,  692,  696
233, 1115,  955,  692,  995
234, 1115,  475, 1014,  954
235, 1115, 1014,  364,  696
236, 1115, 1116,  954,  995
237, 1115, 1116,  698,  954
238,  835, 1054,  108,  806
239,  841,   36,   74,  291
240, 1049,  318,   68,  652
241, 1067,  846, 1097,  856
242, 1060,  895,  834,  827
243, 1067,  104, 1031,  105
244, 1067, 1031,  846,  105
245, 1067,  835,  106,  105
246, 1067,  835,  318,  106
247, 1054, 1067,  661, 1097
248, 1067,  661, 1031,  318
249,  855,  847, 1053, 1051
250, 1051,  672, 1053, 1052
251,  898,  563,  582,  583
252, 1049,   71,  291,   39
253, 1050, 1051,  838,  855
254, 1049,   70,   69, 1050
255, 1049,   68,   39,  652
256,   71,  291,   72,  838
257, 1117,  999,  928,  968
258, 1117,  968,  353,  115
259, 1117,  946, 1118,  999
260,  218,  577,  942, 1091
261,  115,  968,  199, 1117
262, 1117,  199,  115,  352
263,  774,  462,  244,  243
264, 1117,  946,  199,  352
265,  836,  787, 1119, 1066
266, 1120,   84,   24,   23
267, 1120,   84,  787,  484
268, 1120,  787,  258,   19
269, 1120,   19,  786,  787
270, 1120,  786,  610,  484
271, 1082, 1108,  791, 1089
272, 1087,   77,   32,   31
273, 1088, 1121,  845,  277
274, 1087, 1090,  663, 1089
275,  176,  473, 1122,  551
276, 1088, 1089,  663,  673
277, 1082,   79,  845,  791
278, 1088, 1089,  791,  833
279,  867,  898,  811, 1123
280,  594, 1123,  565,  226
281,  216,  226, 1020,  565
282, 1123,  594,  867,  898
283,  678, 1056, 1055,  676
284, 1123,  586,  811,  566
285, 1123,  586,  216,  226
286, 1123,  586,  566,  216
287, 1124, 1125,  689,  951
288,  521,  283,  627,  628
289, 1124, 1125,  126,  689
290, 1124,  990,  361,  490
291, 1124,  189,  990,  490
292, 1124,  189,  361,  126
293, 1124,  951,  688,  990
294, 1126,  550,  373,  174
295, 1126,  459,  550,  174
296, 1126,  959,  459,  372
297, 1126, 1015,  959,  700
298, 1126,  459,  373,  372
299, 1127,   99, 1102,  828
300, 1127, 1102,  100,  101
301, 1070, 1127, 1080,  832
302, 1063,  666,  676,  678
303, 1051,  657,  652,  291
304,  762, 1080, 1100, 1127
305, 1127,  828, 1100,  762
306, 1127,  828, 1102, 1100
307, 1095, 1065,  788, 1066
308, 1095, 1096,  852,  857
309,  788, 1094,  852, 1095
310,   46, 1031, 1026,  659
311, 1095,  857, 1065, 1096
312,   48, 1128,   62,   61
313,  784,  611,  485,  260
314, 1128,  819,  879,  304
315, 1128,   48,   62,   41
316, 1128, 1129,  304,  640
317, 1128,  818,  640,  532
318, 1128,  818,  532,   62
319, 1093,  779, 1076, 1077
320, 1092, 1093, 1094, 1076
321,   15, 1110,   14,  247
322,  939,  584,  225, 1025
323, 1083, 1063, 1034,  680
324, 1093,  656, 1094, 1104
325,  677, 1092,  662,  656
326,  224,  939,  584,  225
327, 1103, 1093, 1110,  779
328,  764,  600,  231,    2
329, 1103, 1093, 1094, 1104
330,  662, 1110,   14, 1093
331, 1118,  945,  352,  683
332, 1118,  947, 1012,  686
333, 1118,  945, 1012,  946
334, 1118, 1012,  683,  686
335, 1130,  622,  496,  275
336, 1130,  796,  496,  622
337, 1130,  797,  276,  497
338, 1130,  496,  797,  497
339, 1130,  797,  796,  624
340, 1130,  625,  797,  624
341, 1130,  797,  625,  276
342, 1065,  667, 1108,  673
343, 1065,  791, 1108,  853
344, 1065, 1096, 1108,  667
345, 1065, 1066,  790,  788
346, 1065,  853, 1096,  857
347, 1129,  818,   64,  529
348, 1129,   44,  818,  529
349, 1128, 1129,  819,  304
350, 1129, 1027,   45,   64
351, 1129, 1027,  819,  304
352, 1129,   64,   45,   44
353, 1131,  795,  621,  495
354, 1131,  494,  273,  620
355, 1131,  494,  274,  273
356, 1131,  794,  620,  795
357, 1131,  494,  794,  795
358, 1096, 1108, 1036, 1038
359, 1092, 1095, 1094,  656
360, 1065, 1108, 1096,  853
361,  258, 1119, 1095,  656
362, 1040, 1096, 1038,  781
363, 1038,  781,  882, 1040
364, 1096, 1036, 1040, 1038
365, 1092,  677, 1040,  667
366, 1092, 1096,  781,  852
367,  551,  176,  706, 1122
368,  472,  777,    9,  473
369,  777,    9,  473, 1122
370, 1122,  473,  375,    9
371, 1122,  176,  706,  375
372,    9,  777,  242, 1122
373, 1132, 1089, 1090,  858
374, 1122,  242,  866,  777
375, 1048,  776, 1076,  781
376, 1076, 1077,  665,  662
377, 1076, 1077,  779,  854
378, 1092,  662,  656, 1093
379, 1092, 1095,  852, 1094
380, 1093, 1094, 1076,  779
381, 1093, 1076,  662, 1077
382, 1041, 1047, 1042, 1046
383, 1073, 1076,  854, 1077
384, 1073,  772, 1077,  854
385,  671, 1047, 1075, 1042
386, 1042, 1047, 1045,  671
387, 1115,  698, 1116,  692
388, 1116,  553,  184,   17
389, 1116,  553,  482,  184
390, 1116,  553,   17,  252
391,  482, 1116,  366,  995
392, 1010,  960,  959,  701
393,  995, 1116,  366,  692
394, 1116,  995,  482,  553
395, 1115, 1116,  995,  692
396, 1026,  830, 1027,  885
397, 1026, 1031,  859, 1029
398, 1026, 1032, 1030, 1029
399, 1032, 1063, 1030, 1029
400, 1028,  885,  834,  895
401, 1032, 1029,  888, 1063
402,  967, 1133,  395,  982
403, 1133,  933,  967,  718
404,  573,   42,  297,  636
405, 1133,  982,  717,  395
406, 1090,  663,  657,   38
407, 1133, 1134,  721,  987
408, 1082, 1088,  277,  673
409,  934,  717,  987,  982
410, 1099, 1102,  828, 1100
411, 1075, 1098,  237,  653
412, 1102,    5, 1100, 1099
413,    5, 1102,   99, 1099
414, 1099,    3,  840,   98
415, 1099,  237, 1098,  844
416, 1099,    3,   98,    4
417, 1099,  844,  840,  237
418, 1114,  696, 1003,  955
419,   81,  790, 1057,   82
420, 1114,  995,  367,  692
421, 1114,  955, 1003,  992
422, 1105,  996,  931,  539
423,  693, 1114,  696, 1003
424, 1114,  367,  995,  483
425, 1114,  483,  995,  992
426, 1135, 1031,   67,  105
427,  659,   46, 1027, 1026
428,  830,   65, 1135, 1027
429, 1088,  277,  673,  663
430,   45,   46,   63, 1027
431,   46, 1031,   67, 1135
432,  825, 1135,  105, 1031
433, 1135, 1031, 1026,   46
434, 1041, 1046,  886,  763
435, 1041, 1048, 1044,  771
436, 1048, 1040,  881,  781
437, 1039,  883, 1037, 1083
438, 1044,  882, 1039,  821
439, 1043, 1044, 1083,  883
440, 1048, 1040, 1044,  881
441, 1044, 1040, 1045, 1039
442, 1136, 1016,  575,  941
443, 1136,  594, 1021,  576
444, 1136,  219,  575,  215
445, 1136,  564,  219,  215
446, 1136,  564, 1016,  594
447, 1068,  660, 1072, 1071
448, 1063, 1072,  680, 1083
449, 1072,  680, 1083,  682
450, 1049,  108,   68,  107
451, 1061, 1068, 1072, 1062
452, 1072, 1071,  660,  668
453, 1072, 1083, 1063, 1062
454, 1060, 1061, 1069, 1064
455, 1088, 1121,   32,   78
456, 1102, 1080,  312, 1070
457, 1025, 1023,  225,  939
458, 1127, 1102, 1070, 1080
459, 1068, 1070,  832,  761
460, 1070,  102,   55,  101
461, 1111, 1070,  843,  102
462, 1137,  165,  965,  442
463, 1137,  710, 1011,  714
464, 1137, 1011,  710,  712
465, 1137, 1005,  382,  442
466, 1137, 1011,  712, 1005
467, 1137,  442,  382,  381
468, 1138,  755,  648,  643
469, 1138,  755,  440,  648
470,  588,  568,  905,  567
471, 1138, 1139,  305,  869
472, 1138, 1139,  755,  643
473, 1138,  755,  441,  440
474, 1138,  869,  305,  547
475,  160,  547,  441,   49
476,  547,  441,   49, 1138
477, 1098,   96,    7,   95
478, 1073, 1098,  826,  770
479, 1098, 1074,  826,   94
480, 1098,    6,   95,    7
481,  651, 1074,  653,    6
482, 1074,  653,    6, 1098
483, 1098, 1074,   94,    6
484, 1132,  884, 1089,  858
485, 1058, 1036, 1132, 1033
486,  880, 1058, 1033, 1035
487, 1049,   68,   70,   39
488, 1132, 1108,  884, 1038
489, 1132, 1090,  657, 1053
490, 1049,   39,   70,   71
491, 1055, 1132, 1053, 1058
492, 1132, 1108, 1038, 1036
493, 1140,  971,  929,  997
494, 1140,  940, 1023,  997
495,  595,  971,  929, 1140
496,  753,  595,  432,  596
497, 1051,  657,  672,  652
498, 1031,  661,  659,   67
499,  431,  596,  432,  940
500, 1040,  679, 1039, 1036
501, 1040, 1039,  679, 1045
502, 1092,  677, 1076, 1040
503, 1094,  850,  852, 1092
504, 1077,  662, 1110,  247
505, 1093, 1077,  662, 1110
506, 1077,  837, 1110,  779
507, 1073, 1077,  772, 1074
508, 1077,  247, 1109,  651
509, 1109,  651, 1074, 1077
510,   14, 1110,   89, 1104
511, 1093, 1110,   14, 1104
512, 1103, 1110, 1093, 1104
513, 1110,   15,   90,  247
514, 1110,  837, 1109,   90
515, 1026, 1135,  825, 1031
516, 1026, 1135, 1027,  830
517, 1026, 1028, 1027,  659
518, 1027,   65, 1135,   46
519, 1079,  304, 1027,  654
520, 1027,  819,  304,  879
521, 1027,   64,  819,  879
522, 1027,   64,   63,   45
523, 1132,  669, 1053,  657
524,  663, 1132, 1090,  657
525, 1053,  847, 1132, 1090
526, 1090,  838, 1051,  847
527,   76, 1090,  833,  824
528, 1051,  291, 1090,  657
529, 1097,  661,  664,  676
530,   37,  291,   38,   73
531, 1090, 1087,   31,   76
532, 1051,  847, 1053, 1090
533, 1090,  847,  824,   73
534,  799, 1053, 1132, 1058
535,  805, 1052,  855, 1053
536, 1053,  805,  799,  847
537,  990,  688,  361,  687
538, 1056,  807,  813,  896
539, 1090,  847,   73,  838
540, 1051, 1052,  652,  672
541, 1055,  672, 1053,  669
542, 1107,  270,  555,  877
543, 1106,  555, 1107,  270
544, 1107,  877,  555,  505
545, 1106,   26, 1107,  192
546, 1107,  555,  192,  505
547, 1099, 1102,   99,  828
548,    4, 1099,    5,   97
549,  105,  106, 1067,  104
550,  291, 1049,   39,  652
551, 1127, 1070,  101,  832
552, 1070,   55, 1102,  101
553,   54, 1080,  312, 1102
554,  100,   99, 1102, 1127
555,  658, 1099, 1100,    5
556,   14, 1104,  656, 1093
557, 1096,  792, 1108, 1038
558, 1094,  829, 1119,  788
559, 1095, 1094, 1119,  788
560, 1103, 1094,  779,  780
561, 1094,  780,  850,  779
562, 1048,  781, 1076, 1040
563, 1092, 1095, 1096,  852
564, 1141,  802,  520,  519
565, 1141,  281,  802,  519
566, 1141,  801,  520,  802
567, 1141,  801,  628,  282
568, 1141,  801,  629,  628
569, 1141,  520,  282,  281
570,  133, 1085, 1086,  974
571, 1086,  960,  974, 1008
572,  974,  961,  138,  380
573, 1086,  974,  173,  171
574, 1086,  133,  974,  171
575,  173, 1086,  371,  960
576, 1086,  960,  705,  701
577,  960, 1086,  371,  701
578, 1118,  945,  946,  352
579, 1142,  195,  948,  197
580, 1142,  948,  195,  120
581,  355, 1142,  947,  197
582, 1142,  197,  355,  120
583, 1142, 1143,  948,  354
584, 1142,  354,  948,  120
585, 1121,  797,  497,  625
586, 1121,  797,  625,  500
587, 1121,  798,  797,  500
588, 1121,  798,  845,  277
589, 1121,  798,   78,  845
590, 1121,   32,   78,   25
591, 1088,   32, 1121,  277
592, 1121,   78,  798,  500
593, 1026, 1030, 1031, 1029
594, 1030, 1031, 1029, 1097
595, 1032,  659, 1030,  666
596,  898,  586,  811, 1123
597,  676, 1063,  678, 1056
598, 1030, 1056,  676, 1097
599, 1032,  666, 1030, 1063
600, 1055, 1052,  664, 1097
601, 1035,  896, 1037,  880
602, 1030, 1056, 1097, 1029
603, 1056, 1097, 1029,  813
604, 1056, 1063,  896,  813
605, 1033, 1132, 1058,  799
606, 1056, 1052,  807, 1058
607,  791,   79,   81, 1057
608, 1120, 1066,   23,  258
609, 1066, 1119, 1095,  258
610,   84, 1120,  787, 1066
611, 1066,   83,   23,   22
612,  780, 1094,  850,  852
613, 1065,  857,  788,  790
614, 1066, 1119,  836,  788
615,  883, 1044, 1039,  821
616, 1103,  831,  780,  779
617, 1103,   88,  831,   89
618, 1094, 1104, 1119,  829
619, 1119,   87,   85,  829
620,   85,   20,   21, 1119
621, 1119,   20,   21,  258
622,  823, 1103, 1104,   88
623, 1055, 1036, 1132, 1058
624, 1132, 1108, 1089,  884
625, 1108, 1038,  792,  884
626, 1108,  791, 1089,  884
627, 1065,  853,  790,  791
628, 1132, 1036,  669,  673
629, 1033, 1037, 1035, 1034
630, 1056, 1034, 1037, 1063
631, 1083, 1044, 1039,  883
632, 1037, 1083, 1063, 1034
633, 1037, 1083,  883,  896
634, 1095, 1066,  788, 1119
635, 1094, 1104,  656, 1119
636, 1094,  823, 1104,  829
637, 1119,   20,   86,   85
638,  958,  177,  416,  135
639, 1103,   89, 1110, 1104
640, 1095, 1119, 1094,  656
641,  829, 1104, 1119,   87
642,  585, 1024,  584, 1001
643,   21,   87,   85, 1119
644, 1135,   65,  825,   66
645, 1067, 1097, 1031,  661
646, 1026, 1028, 1032,  885
647, 1067, 1031, 1097,  846
648, 1072,  682,  668,  680
649,  318,   67, 1031,  104
650,   66,  825, 1135,  105
651, 1080,  832, 1068, 1070
652, 1059, 1064,  654,  670
653, 1060, 1079,  827,  834
654, 1060,  834, 1028, 1079
655, 1090,  824,  858,  833
656, 1108,  884,  853,  791
657, 1088,  833,  791,  845
658, 1051, 1053,  672,  657
659, 1082, 1088, 1089,  791
660, 1143,  999,  948,  928
661,  999, 1117,  928, 1143
662, 1143, 1117,  928,  353
663,  354,  405,  353, 1143
664, 1087, 1090, 1089,  833
665, 1072,  666,  680,  675
666,  406,  405,  354,  948
667, 1068, 1069,  761, 1061
668, 1069,  843, 1070,  761
669, 1070,  761,  843,  832
670, 1127, 1070, 1102,  101
671,  658,    5, 1100,   54
672, 1068, 1080, 1071,  762
673, 1071,  660,  658, 1080
674, 1109,   91,   13,   12
675, 1073, 1098, 1074,  826
676, 1075, 1046, 1042, 1047
677, 1074,   93,   13,   91
678, 1074,   94,   13,   93
679,  665, 1073, 1074, 1077
680, 1073, 1042,  848,  854
681, 1098,   94,  826,   95
682, 1100, 1047, 1071, 1046
683,  658, 1071,  668,  660
684, 1102,  100,    5,   99
685,  828, 1099,   97,   99
686, 1071,  762, 1080, 1100
687,  762,  849,  765, 1100
688, 1073, 1098,  653, 1074
689, 1043, 1072, 1045, 1047
690, 1063,  896,  820, 1062
691, 1043, 1072, 1083, 1045
692,  666, 1063, 1072,  680
693, 1072, 1062, 1063,  666
694, 1083, 1039, 1045,  682
695, 1037, 1039, 1083, 1034
696, 1046, 1071, 1043, 1047
697,  763, 1046, 1071, 1043
698, 1072, 1062,  675, 1061
699, 1068, 1080,  660, 1071
700,  851,  887, 1062, 1068
701, 1068,  832,  762,  761
702, 1046, 1071, 1100,  849
703, 1071,  763,  851,  849
704, 1139,  307,  541,  643
705, 1139,  546,   50,  305
706, 1139,  546,  214,   50
707, 1074,   93,   91,  826
708, 1138,  305, 1139,  643
709, 1139,  540,  307,  306
710, 1139,  546,  540,  214
711, 1050,  855,  838,  806
712,  847,  838, 1051,  855
713, 1054,  856, 1067, 1097
714, 1052, 1097,  652,  664
715, 1055, 1036,  681,  669
716,  799,  880, 1058, 1033
717, 1033, 1036, 1040, 1039
718, 1035, 1055, 1056, 1058
719,  678, 1055,  681,  674
720, 1055, 1132, 1036,  669
721, 1055,  674,  664,  672
722, 1125,  952,  125,  360
723, 1124,  189,  126, 1125
724, 1125,  359,  985,  409
725, 1125,  951,  986,  985
726, 1125,  409,  985,  952
727, 1125,  985,  359,  689
728, 1033, 1038, 1040, 1036
729, 1033, 1035, 1058, 1036
730,  882,  881, 1044, 1040
731,  789,  781,  882, 1038
732, 1033, 1039,  882,  821
733, 1039, 1034, 1036,  681
734,  821,  883, 1037, 1039
735, 1074,   91,  772,  826
736, 1092,  662, 1093, 1076
737, 1041, 1042, 1047, 1045
738, 1144,  976,  683,  945
739, 1144,  976,  284,  683
740, 1144,  514,  976,  945
741, 1144,  200,  557,  514
742, 1144,  557,  200,   34
743, 1144,  557,   34,  284
744,  666, 1062, 1063, 1059
745, 1079,  304,  654,   47
746, 1059, 1064, 1079,  654
747, 1060, 1079, 1064,  827
748, 1079,   60,  834,   61
749,  832, 1127, 1080,  762
750,   57, 1064, 1069,   53
751, 1069,   53,   52,   57
752, 1064,   59,  827,   60
753, 1145,  198,   35,  507
754, 1145,  556,  198,  507
755, 1145,  976, 1006,  683
756, 1145,  976,  507, 1006
757, 1145,  976,  683,  284
758, 1145,  284,  356,   35
759, 1097,  652,  661, 1054
760, 1097, 1052, 1054,  856
761, 1097,  846, 1029,  813
762, 1031, 1029,  846,  859
763, 1009, 1001,  593,  584
764, 1026,  859, 1031,  825
765, 1031, 1029, 1097,  846
766, 1030, 1031, 1097,  661
767, 1030, 1097,  676,  661
768, 1026,  830,  885,  859
769, 1056,  807, 1097,  813
770, 1029, 1063,  813,  888
771, 1052, 1097,  807,  856
772, 1026,  859,  825,  830
773, 1031,  825,  859,  846
774, 1030, 1063,  666,  676
775, 1146,  996,  932,  931
776, 1042,  653,  671,  665
777, 1147,  719,  716,  715
778,  434,  720, 1018,  931
779, 1146,  719, 1147,  715
780,  719,  932, 1018, 1146
781, 1042,  848,  886,  770
782,  393, 1018,  720,  719
783, 1018,  720,  719, 1146
784, 1134,  719, 1147,  932
785, 1134,  987,  933,  991
786, 1133,  933, 1134,  987
787, 1133, 1134,  933,  718
788, 1134,  719, 1002,  718
789, 1146,  932, 1147,  719
790,  572,   43,  298,  297
791, 1147,  996,  715,  391
792, 1147,  996,  391,  538
793, 1134,  932,  991, 1002
794, 1134, 1147,  991,  932
795, 1147,  996,  538,  991
796,  721,  991, 1147,  390
797,  390,  721,  716, 1147
798, 1091, 1140, 1023,  997
799, 1047, 1071,  668,  658
800, 1100,  762,  828,  765
801, 1071, 1100,  658, 1047
802, 1075,  886, 1046,  765
803, 1075, 1042,  886,  770
804, 1041, 1043, 1045, 1047
805, 1041, 1046, 1042,  886
806, 1072,  682, 1047,  668
807, 1043, 1072, 1071,  851
808, 1045,  679,  665,  682
809, 1042,  671,  653, 1075
810, 1055,  664,  674,  676
811, 1075,  671,  653,  658
812, 1059, 1032, 1028,  895
813, 1059,  675,  666, 1062
814, 1068,  761,  851,  887
815, 1079, 1027,  304,  879
816,  896, 1083, 1062, 1063
817, 1100,  849,  765, 1046
818,  104,  106, 1067,  318
819,  938,  972,  724, 1148
820, 1148,  156,  972,  724
821, 1148,  401,  980,  156
822, 1059, 1064, 1060, 1079
823, 1054,  652, 1049, 1052
824, 1148,  984,  972,  980
825, 1037, 1063, 1083,  896
826, 1063,  678, 1056, 1034
827, 1083, 1039,  682,  680
828, 1055, 1036, 1034,  681
829, 1063,  680,  678, 1034
830,  666, 1063,  680,  678
831, 1039,  681, 1036,  679
832,  590,  570,  902, 1149
833, 1149,  812,  902,  810
834, 1149,  902,  590,  589
835, 1149,  906,  589,  874
836, 1149,  901,  906,  874
837, 1149,  810,  901,  874
838,  663, 1089, 1132,  673
839,  568,  874,  569,  589
840, 1096, 1036, 1108,  667
841, 1092, 1095,  667, 1096
842, 1096,  853,  789,  857
843, 1055, 1132,  669, 1053
844, 1035, 1034, 1055, 1036
845, 1096,  667, 1040, 1036
846, 1033, 1037, 1034, 1039
847, 1033, 1039, 1040,  882
848, 1038,  884,  799,  792
849,  781, 1096, 1038,  789
850, 1036, 1108,  673, 1132
851, 1132, 1038,  884,  799
852, 1096, 1038,  789,  792
853, 1132,  858,  799,  884
854,  676, 1063, 1056, 1030
855, 1097,  856,  846,  807
856,  883, 1083, 1062,  896
857, 1062,  675,  666, 1072
858, 1029,  888,  813,  859
859, 1030, 1056, 1029, 1063
860, 1039, 1034,  681,  680
861, 1041, 1048,  771, 1042
862, 1042,  886,  848,  771
863, 1040,  781,  882,  881
864, 1083, 1039,  680, 1034
865, 1048,  848,  854,  776
866, 1076, 1045,  677,  665
867, 1040,  677, 1045,  679
868,  923,  739,  752,  380
869,  966,  707,  139,  165
870,  800,  863,  633,  509
871,  964,  711,  998,  714
872,  964,  167,  969,  711
873,  701, 1010,  705,  704
874, 1072,  675,  668,  660
875, 1010,  960,  705,  957
876, 1010,  467,  957,  704
877,  371,  960,  458,  173
878,  959,  458,  372,  701
879, 1010,  704,  957,  705
880, 1010,  701,  959,  704
881,  974, 1085, 1086, 1008
882, 1015, 1019,  699,  550
883, 1015, 1019, 1000,  703
884, 1126,  550,  699,  373
885, 1126, 1015,  550,  459
886, 1126,  699, 1015,  700
887, 1019,  551,  176,  702
888, 1069,  761,   57,  843
889, 1086,  173,  371,  133
890, 1086,  960,  173,  974
891, 1085, 1008,  927,  958
892, 1008,  927,  974, 1085
893,  960, 1008,  705,  957
894, 1010,  959, 1000,  704
895,  418,  927,  380,  961
896, 1126,  959,  372,  700
897, 1115, 1014,  696,  955
898,  369,  370,  751,  413
899, 1115, 1014,  955,  954
900, 1014,  955, 1003,  696
901, 1058,  805,  807,  880
902, 1115,  954,  698,  475
903, 1114,  955,  992,  995
904, 1115,  475,  698,  364
905, 1014,  363,  696, 1003
906, 1114,  483,  697,  367
907,  692,  995,  367,  366
908, 1114,  992,  697,  483
909,  366,  995,  367,  482
910,  949,  975,  554,  270
911, 1106,  555,  949,  498
912, 1124,  951,  990,  986
913,  951,  970,  691, 1007
914,  975,  491,  362,  490
915, 1124,  490,  361,  189
916,  975,  687,  990,  490
917,  990,  950, 1007,  688
918,  951,  691,  970,  689
919,  949,  687,  975,  270
920,  950, 1007,  688,  690
921,  951,  688,  990, 1007
922,  950, 1017,  690,  687
923, 1062,  883,  887,  851
924, 1106, 1017,  687,  357
925, 1106,  949,  555,  270
926,  406,  748,  407,  118
927,  707,  965,  165,  966
928,  966,  163,  144,  421
929, 1084,  930,  966,  420
930,  388,  962,  141,  969
931,  930,  711,  969,  388
932, 1084,  998,  711,  707
933, 1084,  966,  707,  389
934, 1084,  930,  420,  388
935, 1084,  998,  966,  930
936,  969,  930,  388,  962
937,  966,  144,  163,  139
938, 1011,  965,  714,  964
939,  965,  714,  998,  707
940,  962,  141,  170,  142
941,  962,  388,  142,  419
942,  962,  930,  388,  419
943,  962,  170,  158,  142
944,  961,  172,  137,  158
945,  171,  961,  138,  974
946,  418,  380,  137,  961
947,  967,  161,  146,  159
948,  961,  172,  138,  137
949,  961,  927,  380,  974
950, 1090,  291,  838,   73
951, 1085,  958,  927,  417
952, 1085,  380,  133,  705
953, 1085,  927,  380,  417
954,  957,  177,  134,  175
955,  981,  132,  179,  127
956,  981,  132,  180,  179
957, 1114,  992,  693,  697
958, 1101,  128,  988,  953
959, 1076,  677,  662,  665
960, 1101,  695,  988,  128
961,  988,  953,  128,  185
962, 1101,  953,  983,  369
963, 1003,  956,  693,  992
964,  988,  992,  183,  695
965, 1003,  474, 1014,  363
966, 1101,  983,  953,  988
967,  992,  368,  483,  183
968, 1114,  692,  955,  995
969,  973,  181,  363,  127
970,  983,  953,  413,  369
971,  981,  179,  973,  127
972,  956,  992,  695,  693
973, 1125,  409,  360,  359
974, 1125,  952,  360,  409
975,  187, 1125,  125,  126
976, 1125,  985,  986,  952
977, 1125,  952,  986,  187
978,  189,  986, 1125, 1124
979,  979,  193,  122,  121
980, 1125,  189,  126,  187
981,  990,  490,  687,  361
982,  951, 1007,  691,  688
983, 1145,  356, 1006,  507
984,  208,  530,  725,  397
985, 1144,  945,  351,  514
986,  928,  944,  404,  353
987, 1143,  928,  948,  405
988, 1142,  948,  999,  947
989, 1142,  948,  947,  197
990,  948,  195,  119,  406
991, 1117,  685, 1143,  999
992, 1142,  197,  120,  195
993, 1036,  669,  667,  681
994,  947, 1012,  355,  506
995,  947, 1012,  686,  355
996, 1144,  945,  683,  351
997,  999, 1118,  686,  947
998,  685, 1118,  686,  999
999, 1006,  355,  683, 1012
1000,  947,  506,  355,  197
1001, 1118,  683, 1012,  945
1002, 1144,  976,  557,  284
1003,  976,  556,  557,  284
1004,  946,  515,  199,  352
1005, 1117, 1118,  352,  684
1006,  686,  999, 1142,  685
1007,  948,  195,  120,  119
1008,  947,  999, 1142,  686
1009,  353,  685, 1143, 1117
1010,  116,  201,  968,  944
1011, 1072,  668,  675,  680
1012,  944,  117,  202,  157
1013,  944,  116,  202,  117
1014, 1136,  594,  219,  564
1015, 1136,  594,  576,  219
1016, 1136,  576,  941,  575
1017, 1016,  594,  564, 1020
1018,  565,  226, 1020,  594
1019, 1030,  661,  676,  659
1020,  522,  723,  403, 1013
1021,  402,  522,  723,  403
1022, 1013,  403,  523,  722
1023,  997,  971, 1091, 1140
1024, 1013,  937, 1004,  723
1025,  937,  994,  726,  722
1026, 1013,  723, 1004,  522
1027,  994,  297,  725,  722
1028,  297,   43,  722,  936
1029, 1148,  980,  972,  156
1030,  972, 1004,  724,  205
1031,  972,  980,  203,  156
1032, 1004,  727,  993,  938
1033, 1004,  724,  205,  402
1034,  937,  726,  993,  723
1035,  994,  725,  573,  530
1036, 1004,  522,  402,  205
1037,  994,  398,  530,  531
1038,  297,  936,  994,  573
1039,  975,  990,  687,  950
1040,  989,  935,  151,  209
1041,  723, 1004,  727,  993
1042,  989,  399,  207,  151
1043,  984,  727,  989,  400
1044,  937, 1004,  723,  993
1045,  727, 1148,  984,  938
1046,  935,  984,  400,  428
1047,  989,  400,  935,  984
1048, 1022,  942,  997,  939
1049, 1140,  595, 1023,  596
1050,  230,  225,  596,  940
1051,  940,  229,  225,  939
1052,  230,  229,  940,  431
1053,  971,  943,  595,  929
1054,  220,  971,  943,  595
1055,  929,  433,  943,  595
1056,  220,  222,  595,  943
1057,  943,  222,  157,  223
1058, 1140,  940,  929,  432
1059, 1137, 1011,  965,  714
1060, 1091,  971,  942,  218
1061, 1023,  225,  940,  596
1062,  595,  220,  971, 1091
1063,  142,  741,  740,  419
1064, 1136, 1016, 1021,  594
1065, 1021,  594, 1016, 1020
1066, 1024, 1001, 1021, 1009
1067, 1022,  941,  577,  942
1068,  584,  939, 1009, 1025
1069, 1024, 1001,  585, 1021
1070, 1001, 1024,  584, 1009
1071,  227,  596,  431,  230
1072,  229,  225,  939,  224
1073, 1022, 1021,  941, 1009
1074,  593,  939, 1009,  584
1075, 1022,  942,  939, 1009
1076,  972,  205,  156,  203
1077,  980,  984,  428,  401
1078,  980,  155,  204,  203
1079, 1148,  980,  401,  984
1080,  921,  748,  354,  118
1081,  989,  938,  993,  727
1082, 1004,  938,  972,  724
1083,  994,  725,  530,  398
1084, 1006,  507,  356,  506
1085,  878,  493,  619,  492
1086,  931,  305,  546,  547
1087, 1146,  931,  715,  996
1088,  720, 1018,  931, 1146
1089, 1146,  932, 1018,  931
1090, 1105,  996,  391,  715
1091, 1146,  720,  715,  931
1092, 1105,  546,   50,  214
1093, 1002,  967,  933,  718
1094,  967,  978,  146,  161
1095, 1134, 1002,  933,  718
1096, 1002,  394,  159,  718
1097,  978,  982,  395,  424
1098,  978,  162,  147,  161
1099,  967,  395,  978,  982
1100,  967,  146,  978,  395
1101, 1133,  982,  967,  933
1102, 1133,  982,  933,  987
1103, 1133,  987,  721,  717
1104, 1134,  991, 1147,  721
1105, 1147,  721,  716, 1134
1106, 1002,  394,  435,  159
1107,  987,  213,  145,  211
1108,  934,  150,  212,  211
1109, 1133, 1134,  718,  721
1110,  934,  987,  145,  211
1111,  987,  991,  721,  213
1112, 1147,  932,  996,  991
1113,  991,  538,  390,  213
1114, 1134,  932, 1002,  719
1115, 1134,  991,  721,  987
1116,  596,  915,  227,  729
1117,  596,  915,  729,  753
1118, 1023,  939,  940,  225
1119,  595,  432,  596, 1140
1120,  595,  924,  753,  728
1121, 1140,  929,  595,  432
1122, 1021,  941, 1001, 1016
1123,  929,  433,  595,  432
1124, 1091,  221,  218,  217
1125,  915,  907,  333,  320
1126,  915,  907,  227,  729
1127,  924,  334,  728,  114
1128,  915,  334,  729,  753
1129,  924,  753,  728,  334
1130,  924,  914,  728,  222
1131,  914,  749,  114,  728
1132,  914,  114,  749,  343
1133,  914,  749,  117,  353
1134,  914,  750,  342,  343
1135,  750,  342,  344,  921
1136,  921,  750,  353,  354
1137,  920,  746,  359,  745
1138,  920,  913,  734,  360
1139,  920,  745,  346,  345
1140,  913,  347,  734,  735
1141,  920,  745,  360,  734
1142,  917,  925,  751,  370
1143,  751,  917,  348,  925
1144,  917,  736,  347,  735
1145,  913,  735,  130,  917
1146,  925,  348,  909,  337
1147,  736,  751,  917,  348
1148,  925,  131,  909,  737
1149,  909,  916,  349,  738
1150,  909,  737,  131,  738
1151,  909,  737,  349,  348
1152,  925,  737,  909,  348
1153,  925,  370,  737,  751
1154,  916,  349,  747,  350
1155,  916,  350,  752,  335
1156,  916,  747,  349,  738
1157,  916,  738,  136,  379
1158, 1007,  358,  191,  691
1159,  916,  923,  335,  752
1160,  335,  112,  113,  739
1161, 1140,  997,  929,  940
1162,  739,  112,  113,  912
1163,  752,  923,  335,  739
1164,  981,  127,  370,  132
1165,  923,  912,  739,  137
1166,  912,  740,  113,  739
1167,  741,  388,  142,  912
1168,  912,  326,  327,  741
1169, 1137,  442,  381,  165
1170,  912,  739,  137,  740
1171,  113,  326,  327,  912
1172,  922,  741,  742,  327
1173, 1137,  714,  965,  165
1174,  922,  389,  741,  388
1175,  743,  325,  328,  324
1176,  919,  743,  329,  324
1177,  743,  742,  922,  143
1178,  919,  330,  911,  323
1179,  744,  743,  919,  395
1180,  919,  911,  732,  396
1181,  919,  744,  330,  329
1182,  919,  744,  329,  743
1183,  911,  330,  732,  331
1184,  919,  744,  396,  732
1185,  919,  732,  911,  330
1186,  918,  754,  332,  731
1187,  926,  918,  754,  332
1188,  907,  730,  333,  332
1189,  907,  730,  729,  333
1190,  907,  926,  730,  332
1191,  907,  227,  730,  154
1192,  915,  729,  334,  333
1193,  227,  228,  430,  154
1194,  227,  730,  154,  430
1195,  230,  228,  431,  227
1196,  906,  568,  905,  588
1197,  906,  589,  568,  588
1198,  906,  901,  900,  874
1199, 1149,  810,  902,  901
1200, 1149,  590,  570,  569
1201,  901,  900,  874,  810
1202,  897,  106,  103,  318
1203,  318,  839,  897,  106
1204,  571,  903,  876,  897
1205,  897,  839,  110,  558
1206,  903,  902,  591,  570
1207,  903,  591,  571,  570
1208,  897,  876,  558,  903
1209,  903,  902,  559,  578
1210,  559,  876,  812,  902
1211, 1149,  901,  902,  589
1212,  571,  106,  103,  897
1213, 1124,  986,  990,  189
1214,  902,  559,  578,  579
1215,  902,  876,  812,  570
1216,  902,  591,  570,  590
1217,  568,  905,  567,  861
1218,  905,  809,  900,  899
1219,  905,  567,  904,  587
1220, 1092, 1076, 1094,  850
1221,  901,  810,  902,  560
1222,  903,  876,  558,  559
1223,  561,  580,  560,  900
1224,  905,  900,  809,  874
1225,  905,  899,  861,  809
1226,  594,  898,  564,  867
1227,  594,  898,  583,  564
1228,  899,  898,  808,  582
1229,  899,  582,  808,  562
1230,  899,  562,  581,  582
1231,  904,  898,  586,  811
1232,  898,  904,  808,  811
1233,  563,  898,  564,  583
1234,  594,  564,  583,  219
1235,  900,  581,  899,  809
1236,  899,  808,  898,  904
1237,  904,  587,  811,  586
1238,  570,  902, 1149,  812
1239, 1149,  589,  590,  569
1240,  570,  903,  876,  571
1241,  812,  810,  559,  902
1242,  900,  580,  560,  901
1243, 1149,  589,  906,  901
1244,  902,  560,  579,  901
1245,  899,  904,  861,  808
1246,  905,  587,  588,  567
1247,  906,  905,  874,  900
1248,  979,  194,  122,  193
1249,  413,  369,  736,  751
1250,  905,  861,  904,  567
1251,  904,  811,  587,  567
1252,  226, 1123,  565,  216
1253, 1021, 1020, 1016, 1001
1254, 1020,  594,  564,  565
1255, 1025, 1009, 1022,  939
1256, 1137,  382, 1005,  712
1257, 1020,  592,  226,  216
1258, 1020, 1001,  585,  592
1259,  584, 1001,  593,  585
1260, 1021, 1020,  585,  594
1261,  228,  204,  430,  154
1262,  943,  220,  222,  223
1263,  222,  595,  943,  433
1264,  220,  217, 1091,  595
1265,  943,  223,  221,  220
1266,  595,  924,  915,  753
1267,  943,  221,  971,  220
1268,  596,  753,  595,  915
1269,  114,  924,  914,  728
1270,  943,  157,  222,  433
1271,  222,  728,  157,  117
1272,  901,  900,  810,  560
1273,  559,  903,  578,  558
1274,  900,  561,  581,  809
1275, 1149,  569,  570,  812
1276,  899,  809,  581,  562
1277,   46,   63, 1027,   65
1278,  560,  810,  902,  559
1279,  905,  568,  874,  861
1280,  900,  809,  810,  561
1281,  905,  874,  809,  861
1282,  583,  219,  564,  215
1283, 1022, 1021,  577,  941
1284,  581,  562,  809,  561
1285, 1021,  577,  941,  576
1286, 1020,  226,  592,  585
1287,  867,  563,  898,  564
1288, 1091,  577,  217,  218
1289, 1140, 1023,  940,  596
1290,  595, 1140, 1023, 1091
1291,  941,  574,  576,  577
1292, 1123,  594,  565,  867
1293,  596,  432,  753,  729
1294, 1024, 1022, 1009, 1021
1295, 1001,  593,  585,  592
1296, 1037,  821,  880,  896
1297,  821,  881, 1044,  882
1298, 1032,  888,  885,  895
1299, 1059, 1062, 1063,  820
1300, 1029,  859,  885,  888
1301, 1063,  888,  896,  813
1302, 1002,  719,  435,  394
1303,  654, 1032,  659, 1028
1304, 1091,  942, 1022,  577
1305, 1059,  887, 1062,  820
1306, 1027,  879,  885,  830
1307,  106,  839,  897,  571
1308, 1050,  856,  855,  806
1309, 1052,  855,  856,  807
1310, 1039,  680,  679,  682
1311, 1053,  855,  805,  847
1312, 1051, 1090, 1053,  657
1313, 1047,  682,  671,  668
1314, 1033,  821,  882,  880
1315, 1048, 1044, 1040, 1045
1316, 1132,  847,  799,  858
1317,  847, 1053, 1132,  799
1318, 1033, 1132, 1038, 1036
1319, 1090, 1089,  833,  858
1320, 1089,  858,  884,  833
1321, 1135,  830,  825,   65
1322, 1055, 1056, 1058, 1052
1323, 1036, 1035, 1058, 1055
1324,  673, 1089, 1132, 1108
1325, 1108,  853,  884,  792
1326, 1095,  667, 1065,  655
1327,   79, 1082, 1057,  791
1328, 1095, 1065,  667, 1096
1329, 1096,  853,  792,  789
1330, 1082, 1108, 1089,  673
1331, 1095, 1065, 1066,  655
1332, 1065,  655, 1082, 1057
1333, 1094,  788,  780,  829
1334, 1080,   54,  312,  660
1335, 1110,  779,  837,  831
1336, 1046,  849,  765,  886
1337, 1076,  850,  776,  854
1338, 1076,  779, 1094,  850
1339, 1048,  854, 1076,  776
1340, 1048, 1076, 1042, 1045
1341, 1038,  789,  792,  882
1342, 1048,  776,  781,  881
1343,  655,  673, 1082, 1078
1344, 1103,  823,  780,  831
1345, 1109, 1074,   91,  772
1346, 1077,  779,  854,  772
1347, 1073,  848,  770,  772
1348, 1073, 1075,  653, 1098
1349, 1098,  770,  844,   95
1350, 1073,  770, 1075, 1098
1351, 1073, 1075,  770, 1042
1352, 1073, 1042,  665,  653
1353, 1068,  762,  851,  761
1354, 1071,  762,  849,  851
1355, 1052,  652, 1049, 1051
1356, 1140,  971, 1091,  595
1357, 1058,  805,  799, 1053
1358, 1082, 1065, 1108,  673
1359, 1096,  852,  789,  781
1360, 1089,  833,  884,  791
1361, 1033,  880,  882,  799
1362, 1038,  792,  799,  882
1363,  835,  856, 1054,  806
1364, 1068,  887, 1062, 1061
1365, 1058,  799,  805,  880
1366, 1097,  813,  807,  846
1367, 1052, 1058,  805,  807
1368, 1051, 1090,  291,  838
1369, 1132,  673,  669,  663
1370, 1090,  824,  847,  858
1371, 1033, 1132,  799, 1038
1372, 1035, 1058,  807,  880
1373, 1044,  821,  883,  881
1374, 1036,  679,  681,  667
1375,  881,  883, 1044,  763
1376, 1040, 1036,  667,  679
1377, 1040,  882, 1039, 1044
1378, 1043,  763,  851, 1071
1379,  807, 1052,  855,  805
1380, 1059,  888,  895,  820
1381,  847, 1132, 1090,  858
1382, 1062,  896,  820,  883
1383, 1037,  821,  896,  883
1384, 1040,  679,  667,  677
1385, 1098,  844,  237,   96
1386, 1046,  763,  849,  886
1387, 1068, 1071, 1072,  851
1388,  849, 1071, 1100,  762
1389,  667, 1108,  673, 1036
1390, 1072, 1071,  668, 1047
1391,  958,  135,  416,  379
1392, 1059, 1032,  895,  888
1393, 1068, 1061, 1072,  675
1394,  887,  895, 1061,  761
1395, 1079,   47,   61,   48
1396, 1075, 1100, 1046, 1047
1397, 1072, 1045, 1047,  682
1398, 1079, 1064,  827,   60
1399, 1031,  318,  661,   67
1400, 1028, 1027,  879,  885
1401, 1079,  834,  879,   61
1402, 1069, 1070,  843,  312
1403, 1079,  834,   60,  827
1404, 1059, 1032,  888, 1063
1405, 1026, 1032, 1029,  885
1406, 1028,  895, 1032,  885
1407,  295,  536,  637,  296
1408,  892,  814,  637,  641
1409,  892,  537,  636,  296
1410,  892,  865,  641,  636
1411,  865,  572,  297,  573
1412,  892,  636,  537,  865
1413,  865,  572,  524,  298
1414, 1091, 1022, 1023,  217
1415,  572,  206,   43,  523
1416,  814,  525,  815,  642
1417,  936,  297,  572,  573
1418,  865,  572,  298,  297
1419,  816,  817,  639,  528
1420, 1091,  997,  942,  971
1421,  816,  527,  639,  301
1422,  302,  528,  639,  303
1423,  817,  533,  293,  292
1424, 1128,  819,  818,   62
1425,  871,  449,  599,  236
1426, 1129,  640,  818,   44
1427, 1128, 1129,  818,  819
1428, 1129,  818,  819,   64
1429, 1129,  529,   64,   44
1430, 1128,   41,  532,  640
1431, 1129,  819, 1027,   64
1432,  817,  303,  529,  640
1433, 1117,  115,  353,  685
1434, 1128, 1079,   61,   48
1435,  659, 1028, 1027,  654
1436, 1056,  813, 1029, 1063
1437, 1128,  818, 1129,  640
1438, 1128,  879,  819,   62
1439, 1032,  888, 1029,  885
1440, 1059,  820,  895,  887
1441,  415,  738,  136,  131
1442, 1029,  859,  813,  846
1443,  849, 1046, 1071,  763
1444,  766,  456,    1,  241
1445, 1059, 1028, 1032,  654
1446, 1059, 1061,  887,  895
1447,  558,  903,  578,  897
1448,  558,  897,  109,  110
1449,  110,  897,  109,  318
1450, 1054, 1067,  835,  318
1451,  897,  109,  578,  558
1452,  897,  591,  571,  903
1453,  897,  876,  839,  558
1454,  570,  903,  902,  876
1455,  591,  103,  897,  571
1456, 1123,  867,  565,  566
1457,  596,  432,  940, 1140
1458, 1136,  215,  575,  564
1459, 1032,  666,  654,  659
1460,  899,  809,  562,  808
1461,  595,  728,  753,  433
1462,  876,  903,  902,  559
1463,  905,  904,  861,  899
1464, 1123,  565,  216,  566
1465,  898,  867,  811,  808
1466, 1136,  941, 1021, 1016
1467,  587,  586,  566,  811
1468,  979,  689,  970,  121
1469,  587,  567,  811,  566
1470, 1123,  594,  898,  586
1471,  899,  808,  861,  809
1472,  898,  867,  808,  563
1473, 1065,  790,  853,  857
1474,  997,  939, 1023, 1022
1475, 1022,  942, 1009,  941
1476,  904,  811,  861,  808
1477, 1123,  594,  586,  226
1478,  559,  560,  579,  902
1479,  906,  874,  905,  568
1480,  800,  509,  633,  286
1481,  557,  283,  200,   34
1482, 1144,   34,  514,  351
1483, 1144,  976,  514,  557
1484,  945,  351,  515,  352
1485,  945,  946,  352,  515
1486,  283,  521,  627,  557
1487, 1145,  683, 1006,  356
1488,  627,  800,  508,  868
1489,  628,  801,  627,  521
1490,  801,  627,  521,  868
1491,  800,  801,  868,  627
1492,  627,  508,  556,  868
1493,  762,  832, 1068, 1080
1494,  800,  801,  628,  633
1495,  800,  801,  627,  628
1496,  800,  509,  286,  508
1497, 1141,  802,  281,  629
1498,  318, 1054, 1049,  107
1499,  802,  863,  893,  635
1500,  863,  287,  510,  635
1501,  803,  804,  518,  279
1502,  803,  804,  279,  630
1503,  893,  288,  630,  635
1504,  803,  280,  281,  630
1505,  803,  279,  518,  280
1506,  631,  512,  889,  804
1507,  979,  985,  689,  359
1508,  804,  517,  518,  279
1509,  803,  889,  804,  630
1510,  872,  632,  841,  516
1511,  872,  513,  632,  290
1512,  880,  807, 1035,  896
1513, 1055, 1052, 1053,  672
1514,  838,  841,   74,  291
1515, 1049,   69,   70,   68
1516, 1034, 1056, 1055,  678
1517,  626,  516,   72,  841
1518,  289,  889,  288,  630
1519,  838,  291,   72,  841
1520,  291,   71, 1049,  838
1521,  872,  513,  841,  632
1522, 1044,  881,  763,  771
1523,  958,  379,  134,  135
1524, 1087,   77,   76,  833
1525,  824,   76, 1090,   75
1526,  891,  263,  864,  607
1527, 1053, 1058,  805, 1052
1528,  492,  618,  619,  878
1529,  878,  877,  615,  793
1530, 1030,  676,  666,  659
1531,  878,  618,  877,  554
1532,  878,  793,  619,  493
1533, 1106, 1017,  357,  498
1534, 1106,  498,  357,   26
1535,  814,  642,  637,  641
1536,  975,   27,  554,  270
1537, 1107,  877,  615,  270
1538,  414,  370,  413,  751
1539, 1107,  269,  505,  192
1540,  877,  270,  554,  618
1541,  878,  554,  492,  618
1542,  554,   27,  190,  618
1543,  877,  615,  793,  505
1544,  652, 1054, 1049,  318
1545,  878,  619,  793,  615
1546, 1123,  867,  566,  811
1547,  212,  426,  153,  149
1548,  794,  619,  493,  620
1549,  504,  615,  268,  505
1550, 1131,  620,  794,  494
1551, 1131,  495,  274,  494
1552, 1131,  495,  621,  274
1553,  796,  797,  501,  624
1554, 1132,  663,  669,  657
1555, 1053,  669,  672,  657
1556,  901,  560,  579,  580
1557,  624,  500,  625,  797
1558,  797,  497,  625,  276
1559, 1112,  373,  550,  174
1560,  797,  500,  501,  624
1561, 1130,  497,  276,  496
1562, 1121,  798,  277,   28
1563, 1121,  500,   25,   78
1564,  798,  845,  277,   80
1565,  803,  281,  280,  519
1566,  798,   28,  497,   80
1567, 1031,  105,  825,  846
1568, 1088,  845, 1121,   78
1569, 1056, 1037,  896, 1063
1570, 1096, 1108,  792,  853
1571, 1088,  833,  845,   77
1572,  790,   81, 1057,  791
1573,  673, 1036,  669,  667
1574,  488,  782,  608,  891
1575,  530,  398,  725,  397
1576,  891,  864,  263,  489
1577,  954,  252,  552,  553
1578,  793,  616,  615,  619
1579,  773,   10,  243,  603
1580,  701,  960,  458,  371
1581,  553, 1116,  954,  252
1582,  864,  252,  552,   18
1583,  977,  450,  963,  709
1584,  782,  608,  783,  487
1585,  607,  782,  612,  864
1586,  476,  864,  253,  612
1587, 1125,  951,  985,  689
1588,  891,  864,  782,  607
1589, 1116,   17,  184,  366
1590,  945,  514,  515,  351
1591, 1116,  692,  252,  366
1592,  914,  342,  111,  343
1593,  552,  182,  698,  475
1594,  864,  476,  253,   18
1595, 1007,  691,  688,  690
1596,  783,  784,  613,  479
1597, 1063,  896,  888,  820
1598,  784,  256,  480,  611
1599,  573,   42,  208,  725
1600,  784,  480,  256,  479
1601, 1052,  664,  652,  672
1602,  783,  487,  608,  609
1603,  439,  316,  648,  649
1604,  785,  481,  257,  480
1605,  610,  481,  785,  786
1606,  835,  318,  839,  110
1607, 1120,  786,  484,  787
1608, 1066, 1120,  787,  258
1609, 1120,  610,  786,   19
1610,  786,  787,   19,   86
1611, 1116,  252,  692,  698
1612,  973,  956,  694, 1003
1613, 1120, 1066,   84,   23
1614, 1003,  694,  693,  956
1615,  981,  127,  694,  370
1616,  953,  413,  369,  412
1617,  554,  618,  270,   27
1618,  583,  563,  215,  564
1619, 1120,  484,   24,   84
1620,  786,  481,   86,   19
1621, 1119,  258,  787,   86
1622, 1065,  673,  655,  667
1623, 1095,  788, 1065,  857
1624,  780,  788, 1094,  852
1625,  893,  803,  630,  889
1626,  787, 1066,  836,   84
1627, 1131,  620,  273,  274
1628, 1119,  836,  788,  829
1629, 1095,  788,  857,  852
1630, 1054,  652, 1052, 1097
1631,  318, 1054,  107,  835
1632, 1103, 1093,  779, 1094
1633,   21,   14, 1104,  656
1634, 1119,   86,  787,  836
1635, 1093,   14,  662,  656
1636, 1021,  585, 1020, 1001
1637,  627,  556,  557,  868
1638,  980,  156,  401,  155
1639,  318,  839,  110,  897
1640,  524,  641,  298,  299
1641, 1048,  776,  881,  771
1642,  509,  287,  633,  286
1643, 1109,  837,  772,   91
1644,   12,  247,   13, 1109
1645,  865,  641,  297,  298
1646,  595,  433,  753,  432
1647, 1073, 1042, 1076,  665
1648, 1077,  779,  772,  837
1649, 1110,  831,  837,   89
1650, 1042,  671, 1045,  665
1651,  469,  778,  249,  470
1652, 1109,  247,  842,   11
1653,  842,   90,   16,  247
1654,  842,   16,  468,  606
1655, 1120,   23,   24,  258
1656,  873,  465,  246,  464
1657,  959,  701,  700,  704
1658, 1019,  376,  176,  466
1659, 1122,  866,  551,  473
1660, 1112,  550,  866,  460
1661, 1019,  551,  699,  550
1662, 1122,  706,  866,  242
1663,  773,  461,   10,  460
1664,  959,  704,  700, 1000
1665,  875,  860,  251,  471
1666,  875,  250,  470,  471
1667, 1122,  777,  866,  473
1668,  551,  176,  702,  706
1669,  549,  450,  709,  385
1670,  875,  774,  775,  604
1671,  912,  326,  112,  113
1672,  875,  860,  774,  603
1673,  911,  732,  153,  733
1674,  875,  471,  251,  250
1675,  605,  604,  249,  778
1676,  777,  472,  251,  860
1677,  773,  860,  777,  603
1678,  775,  464,  778,  245
1679,  773,  603,  774,  860
1680,  875,  603,  774,  604
1681,  775,  463,  244,  462
1682,  766,  767,  241,  600
1683, 1093, 1077, 1110,  779
1684, 1103,  831, 1110,   89
1685, 1109,  842,  837,   92
1686, 1044, 1083, 1039, 1045
1687, 1026,   46, 1027, 1135
1688, 1034,  678, 1055,  681
1689, 1119,   86,  836,   85
1690, 1041, 1048, 1045, 1044
1691, 1075,  765,  770,  886
1692, 1109,   90,  247, 1110
1693, 1041, 1043, 1046,  763
1694,  784,  611,  785,  485
1695, 1041,  763,  886,  771
1696,   76, 1090,   38,   31
1697, 1130,  796,  622,  624
1698, 1049,  108,   69,   68
1699,  754,  730,  429,  154
1700, 1045,  665,  679,  677
1701, 1039,  679,  680,  681
1702,  907,  332,  333,  320
1703, 1034,  680,  678,  681
1704, 1004,  402,  723,  724
1705, 1027,  659,  654,  304
1706, 1059,  820, 1063,  888
1707,  548,  444,  231,  166
1708,    4,  237,    5, 1099
1709,  838, 1050,  806,   71
1710, 1086,  171,  173,  133
1711,  969,  169,  140,  167
1712, 1011,  710,  712,  963
1713, 1073,  854,  848,  772
1714,  764,  600,  766,  231
1715,  764,  232,    2,  444
1716,  870,  444,  231,  548
1717,  977,  708,  548,  549
1718,  977,  713,  709,  712
1719,  977,  713,  548,  708
1720,  467,  377,  704, 1000
1721,  764,  870,  231,  766
1722,  548,  166,  708,  713
1723,  548,  166,  713,  443
1724, 1113,  384,  168,  385
1725,  766,  456,  457,    1
1726, 1081,  769,  768,  454
1727,  840,  599,  237,    8
1728,  840,    3,  237,  599
1729, 1113,  549,  870,  708
1730,  449,  599,  236,    3
1731,  766,  600,  241,  231
1732,  231, 1113,  457,  870
1733,  764,    2,  232,  600
1734,  523,  403,   43,  722
1735,  457,  231,  766,    1
1736,  766,  767,  600,  862
1737,  764,  862,  600,  232
1738,  242, 1112,  460,   10
1739,  766,  231,  241,    1
1740,  241,  455,  240,  767
1741,  875,  604,  470,  250
1742, 1098,    7,  237,    6
1743,  840,   96,  452,    8
1744,  767,  862,  601,  600
1745,  766,  456,  241,  767
1746,  240,  767,  597,  241
1747,  767,  894,  768,  601
1748,  767,  241,  455,  456
1749,  764,  862,  766,  600
1750,  767,  241,  601,  597
1751,  894,  234,  890,  601
1752,  817,  818,  640,  529
1753, 1081,  602,  890,  769
1754,  890, 1081,  597,  602
1755,  862,  894,  233,  446
1756,  768,  240,  454,  455
1757,  756,  439,  440,  648
1758,  597,  240, 1081,  768
1759, 1067,  856,  835,  846
1760,  894,  447,  890,  234
1761, 1135,   66,   46,   65
1762,  894,  768,  601,  890
1763,  890,  447,  235,  234
1764,  769,  453,  239,  598
1765,  542,  309,  645,  308
1766,  769,  453,  598,  871
1767, 1099,   98,   97,    4
1768,  871,  449,  236,  448
1769,  828,  765, 1099, 1100
1770, 1073,  770,  826,  772
1771,    5,  237,  658, 1099
1772,  844,  840,  237,   96
1773,  840,   96,    8,  237
1774,  840,  449,   98,    3
1775,  840,    8,  452,  599
1776, 1075,  658,  653,  237
1777, 1127, 1102, 1080, 1100
1778, 1075, 1099, 1100,  658
1779,   51,  545,  646,  760
1780,  871,  238,  598,  599
1781, 1111,  759,  436,  760
1782, 1111,  759,  760,  646
1783,  647,  759,  646,  544
1784, 1127,  762,  832,  822
1785, 1111,  759,  646,  436
1786,  452,    8,  238,  599
1787, 1111,  436,   56,  102
1788,  375,  473, 1122,  176
1789, 1111,  760,  843,  312
1790,  760,   51,  545,   58
1791,   96,    8,  237,    7
1792, 1060,  827,   57,  761
1793, 1099,    4,  237,    3
1794, 1109,   92,  837,   91
1795,  879, 1079,   61, 1128
1796, 1056,  807, 1052, 1097
1797, 1047, 1045,  671,  682
1798, 1064,  670,   53,   47
1799,  835,  106,  839,  318
1800, 1045,  682,  665,  671
1801,  756,  649,  644,  645
1802, 1059,  675,  670,  654
1803, 1064,  827,   59,   57
1804, 1099,   98,  844,   97
1805,  894,  601,  233,  234
1806, 1070,  843,  102,  101
1807,  979,  985,  359,  409
1808,  544,  647,  759,  758
1809,  890,  235,  598,  602
1810,  647,  437,  759,  758
1811,  758,  645,  647,  650
1812,  166,  708,  383,  231
1813,  758,  314,  437,  438
1814,  543,  645,  647,  758
1815,  757,  756,  542,  645
1816,  233,  445,  232,  862
1817,  757,  650,  438,  439
1818, 1064,   60, 1079,   47
1819,  756,  755,  541,  644
1820,  165,  707,  139,  714
1821,  756,  755,  648,  440
1822, 1138,  648,  440,  317
1823, 1105,  539,  546,  214
1824, 1105,  539,   50,  391
1825,    1, 1113,  457,  231
1826,  232,  445,  444,  764
1827, 1139,  546,  305,  869
1828, 1139,  546,  869,  540
1829,  931,  547,  720,  305
1830, 1021,  941, 1009, 1001
1831, 1139,  755,  643,  541
1832,  862,  600,  233,  601
1833, 1138,  317,  440,  441
1834,  767,  241,  600,  601
1835,  638,  642,  637,  815
1836,  869, 1138, 1139,  755
1837,  757,  650,  439,  649
1838,  232,  862,  600,  233
1839, 1139,   50,  214,  306
1840,  547,   49,  160,  392
1841,  602,  239,  769, 1081
1842,  545,  646,  760,  759
1843,  647,  544,  543,  758
1844,  545,  544,  311,  646
1845,  759,  313,  436,  437
1846,  542,  644,  541,  308
1847,  892,  536,  537,  296
1848,  758,  314,  438,  650
1849, 1136,  576, 1021,  941
1850,  804,  630,  889,  631
1851,  755,  541,  644,  643
1852, 1139,  540,  541,  307
1853,  756,  542,  645,  644
1854,  757,  756,  645,  649
1855,  756,  648,  755,  644
1856,  464,  245,  605,  778
1857, 1048,  776,  771,  848
1858,  757,  756,  649,  439
1859, 1134, 1002,  991,  933
1860, 1138,  869,  547,  441
1861, 1147,  538,  391,  390
1862,  777,  472,    9,  251
1863,  890,  448,  598,  235
1864,  768,  767,  597,  240
1865, 1105,  546,  931,  305
1866, 1147,  991,  538,  390
1867,  890,  234,  235,  602
1868,  987,  145,  213,  721
1869,  602,  890,  601,  597
1870,  890,  234,  602,  601
1871,  862,  894,  601,  233
1872, 1002,  159,  967,  718
1873, 1018,  393,  435,  719
1874,  767,  455,  240,  768
1875, 1081,  239,  240,  597
1876,  767,  601,  862,  894
1877,  934,  425,  212,  150
1878,  212,  210,  153,  426
1879,  951,  970,  985,  689
1880,  934,  424,  425,  396
1881,  717,  987,  982, 1133
1882,  989,  151,  935,  400
1883,  989,  399,  993,  207
1884,  935,  210,  152,  209
1885,  773,  603,  777,  242
1886,  470,  778,  249,  604
1887, 1092,  781, 1076,  850
1888,  210,  427,  153,  426
1889,  817,  640,  532,  292
1890,  817,  529,  303,  528
1891, 1074,   94,    6,   13
1892, 1104,   21,  656, 1119
1893,  783,  478,  612,  477
1894,  310,  647,  544,  543
1895, 1128,   62,  532,   41
1896,  469,  605,  249,  778
1897, 1110,   89,   90,   15
1898,  535,  295,  536,  637
1899,  245,  605,  778,  604
1900,  873,  778,  605,  469
1901,  729,  227,  596,  431
1902,  535,  637,  638,  294
1903,  816,  293,  638,  639
1904,  534,  638,  293,  294
1905, 1105,  214,   50,  539
1906,  535,  637,  294,  295
1907,  892,  641,  637,  636
1908,  842,  247,   16,  606
1909,  537,  208,  636,   42
1910,  873,  468,  248,  606
1911,  892,  296,  636,  637
1912,  814,  525,  641,  524
1913,  931,  434,  720,  547
1914, 1076,  850,  781,  776
1915,  573,  537,  208,  636
1916, 1066,  836,   84,   83
1917,  537,   42,  636,  296
1918,  996,  538,  539,  391
1919,  865,  573,  297,  636
1920, 1110,  837,   90,   89
1921,  873,  465,  606,  246
1922,  865,  537,  573,  636
1923,  994,  531,  993,  726
1924,  993,  399,  531,  207
1925,  816,  639,  817,  293
1926,  528,  639,  303,  817
1927,   90,   15,   16,  247
1928,  816,  293,  533,  534
1929,  344,  921,  910,  748
1930, 1149,  874,  569,  810
1931,  817,  292,  532,  533
1932,  900,  874,  810,  809
1933,  775,  245,  778,  604
1934,  828,  822, 1127,   99
1935,  642,  815,  300,  525
1936,  527,  301,  302,  639
1937,  773,  461,  243,   10
1938,  527,  526,  301,  815
1939, 1149,  812,  810,  569
1940,  815,  300,  525,  526
1941,  814,  642,  641,  525
1942,  773,  603,  242,   10
1943,  775,  463,  245,  244
1944,  525,  299,  642,  641
1945,  777,  860,  251,  603
1946,  817,  532,  640,  818
1947,  572,  524,  298,  206
1948,  865,  814,  641,  524
1949,  875,  860,  603,  251
1950,  941,  575,  576,  574
1951,  993,  726,  531,  399
1952, 1013,  937,  722,  936
1953, 1014,  475,  364,  474
1954, 1013,  522,  523,  403
1955,   43,  572,  936,  297
1956,  552,  252,  698,   18
1957,  460,  242,  773,  866
1958, 1013,  722,  937,  723
1959,  551,  550,  866,  699
1960, 1019,  702,  703,  699
1961, 1004,  402,  522,  723
1962,  972,  156,  205,  724
1963, 1148,  972,  984,  938
1964,  935,  209,  152,  151
1965,  994,  722,  725,  726
1966,  722,  936,  994,  297
1967,  230,  431,  940,  596
1968,  875,  603,  604,  250
1969, 1013,  722,  723,  403
1970,  938,  727,  989,  984
1971,  774,  603,  243,  244
1972,  980,  429,  204,  155
1973,  842,  873,  606,  468
1974,  939,  224,  584,  593
1975,  944,  202,  116,  201
1976,  404,  117,  353,  944
1977,   33,  626,  516,   72
1978,  802,  281,  803,  519
1979,  803,  518,  519,  280
1980,  872,  278,  517,  631
1981,  525,  641,  524,  299
1982, 1141,  801,  802,  629
1983,  800,  801,  633,  863
1984,  842,  606,   11,  247
1985,  801,  520,  521,  282
1986, 1094,  780,  823,  829
1987,   13,  651, 1074, 1109
1988,  801,  863,  629,  633
1989,  863,  510,  287,  509
1990, 1141,  520,  801,  282
1991, 1144,  514,   34,  200
1992, 1092,  677,  667,  656
1993,  594,  867,  564,  565
1994, 1144,  351,  284,   34
1995,  521,  628,  282,  283
1996,  783,  478,  614,  612
1997,  782,  487,  488,  608
1998,  782,  612,  608,  607
1999,  864,  552,  252,  553
2000,  552,  182,   18,  698
2001, 1117,  946,  968,  199
2002, 1006, 1012,  683,  945
2003,  946, 1117, 1118,  352
2004,  976, 1006,  683,  945
2005,  793,  794,  619,  493
2006,  872,  512,  290,  631
2007,  201,  115,  968,  199
2008, 1115,  955,  995,  954
2009,  891,  607,  262,  263
2010,  512,  289,  290,  631
2011,  872,  278,  516,  517
2012,  893,  510,  288,  635
2013,  864,  553,  263,  489
2014, 1116,  366,  252,   17
2015,  864,  263,  553,  252
2016,  802,  635,  893,  630
2017,  634,  627,  800,  508
2018,  802,  635,  629,  863
2019,  782,  476,  477,  612
2020,  784,  785,  611,  480
2021,  800,  508,  286,  634
2022,  557,  283,  521,  200
2023,  863,  635,  633,  287
2024,  783,  608,  612,  614
2025,  863,  509,  287,  633
2026,  800,  634,  633,  628
2027,   80,   28,  277,  798
2028, 1145,   35,  198,  556
2029, 1145,  356,  284,  683
2030, 1006, 1012,  506,  355
2031, 1109,   12,  247,   11
2032, 1104,   14,   21,   88
2033,  800,  634,  628,  627
2034, 1143,  928,  405,  353
2035,  983,  694,  981,  973
2036, 1120,  258,   24,  610
2037, 1006,  683,  355,  356
2038, 1118,  684,  683,  352
2039,  115,  116,  201,  968
2040, 1119,   85,  836,  829
2041,  790,  791, 1057, 1065
2042, 1119,  258,   86,   20
2043,  484,  259,  610,   24
2044,  196,  195,  406,  119
2045,  948,  406,  119,  354
2046, 1118, 1012,  947,  946
2047,   82, 1066, 1057,   22
2048,  970,  191,  193,  121
2049,  970,  691,  191,  121
2050,  194,  407,  408,  123
2051,   54, 1080, 1100,  658
2052, 1066,  790,  788,   83
2053,  485,  260,  611,  259
2054, 1130,  496,  796,  797
2055,  497, 1121,   28,  798
2056,  795,  495,  622,  621
2057, 1121,   25,  500,  625
2058,  796,  496,  622,  495
2059,  796,  502,  623,  265
2060,  795,  622,  796,  623
2061,  794,  795,  503,  617
2062,  795,  503,  617,  502
2063,  616,  615,  268,  504
2064,  470,  604,  249,  250
2065,  922,  327,  328,  325
2066,  795,  796,  622,  495
2067,  795,  796,  502,  623
2068,  479,  478,  255,  613
2069,  785,  257,  610,  611
2070,  794,  617,  503,  267
2071, 1107,  615,  505,  269
2072,  794,  494,  620,  493
2073, 1107,  192,   26,  269
2074, 1107,  615,  269,   26
2075,  949,  950,  687, 1017
2076, 1017,  499,  357,  498
2077,  196,  194,  118,  407
2078,  979,  359,  122,  408
2079,  979,  193,  121,  970
2080,  796,  501,  265,  624
2081, 1019,  466, 1000,  703
2082, 1130,  496,  276,  275
2083, 1019,  699,  551,  702
2084,  183,  368,  128,  695
2085,   29,   80,   28,  277
2086,  795,  623,  502,  617
2087,  796,  265,  501,  502
2088,  864,   18,  253,  252
2089,  553,  489,   17,  263
2090,  502,  503,  617,  266
2091,  787, 1119, 1066,  258
2092,  494,  493,  273,  620
2093,  555,  554,  877,  270
2094,  795,  617,  620,  621
2095,  493,  492,  272,  619
2096, 1095,  667,  655,  656
2097, 1131,  274,  621,  620
2098,  615,  793,  504,  616
2099,  493,  619,  273,  620
2100,  794,  620,  616,  619
2101,  492,  618,  190,  271
2102,  878,  615,  618,  619
2103,  492,  272,  619,  271
2104, 1106,   26,  357,  270
2105,  784,  260,  609,  611
2106,  783,  784,  609,  613
2107,  975,  687,  490,  362
2108,  783,  478,  613,  614
2109,  877,  618,  615,  270
2110, 1107,  270,  615,   26
2111,  478,  477,  254,  612
2112,  784,  613,  256,  611
2113,  190,  618,   27,  271
2114, 1007,  499,  358,  690
2115,  478,  254,  255,  614
2116,  478,  612,  254,  614
2117,  477,  476,  253,  612
2118,  784,  613,  611,  609
2119,  917,  337,  338,  348
2120,  949,  975,  687,  950
2121,  952,  125,  188,  187
2122,  979,  122,  194,  408
2123,  968,  944,  353,  116
2124, 1106,  270,  357,  687
2125,  970, 1007,  191,  691
2126,  187,  986, 1125,  189
2127,  553,  489,  184,   17
2128,  479,  256,  613,  255
2129, 1007,  499,  191,  358
2130, 1007,  691,  690,  358
2131,  952,  410,  188,  125
2132, 1124, 1125,  951,  986
2133,  783,  614,  609,  608
2134,  477,  254,  612,  253
2135,  490,  361,  362,  687
2136,  478,  255,  613,  614
2137,  784,  479,  256,  613
2138, 1101,  983,  988,  956
2139,  988,  183,  128,  695
2140,  953,  129,  369,  128
2141,  553,  252,  263,   17
2142,  953,  128,  185,  129
2143,  782,  477,  783,  612
2144,  953,  412,  369,  129
2145,  785,  610,  484,  259
2146,  785,  610,  786,  484
2147,  782,  783,  608,  612
2148,  795,  623,  621,  622
2149, 1120,   24,  484,  610
2150,  794,  795,  617,  620
2151,  486,  487,  609,  261
2152,  271,  492,  618,  619
2153,  508,  634,  627,  285
2154,  783,  784,  486,  609
2155,  796,  622,  265,  623
2156,  783,  609,  486,  487
2157,  891,  782,  608,  607
2158,  785,  259,  485,  611
2159,  487,  488,  608,  262
2160,  975,  270,  362,   27
2161,  616,  267,  794,  504
2162,  891,  488,  489,  263
2163,  608,  891,  262,  488
2164,  891,  488,  263,  262
2165,  794,  267,  616,  617
2166, 1124,  361,  990,  688
2167,  793,  504,  616,  794
2168,  955,  692,  696, 1115
2169,  992,  697,  483,  368
2170, 1107,  505,  615,  877
2171,  785,  611,  480,  257
2172,  257,  610,  481,  785
2173,  784,  260,  485,  486
2174,  786,   19,  610,  481
2175,  486,  260,  261,  609
2176,  258,   86,   19,  787
2177,  783,  614,  613,  609
2178,  487,  261,  262,  608
2179,  487,  609,  261,  608
2180,  607,  891,  262,  608
2181,  504,  268,  616,  267
2182,  793,  619,  794,  616
2183,  630,  802,  281,  803
2184,  252, 1116,  954,  698
2185,  505,  269,  615,  268
2186,  612,  864,  253,  607
2187,  552,  182,  476,   18
2188,  864,  252,  607,  263
2189,  864,   18,  552,  476
2190,  975,  491,   27,  362
2191,  582,  562,  563,  808
2192,  364,  363,  696, 1014
2193, 1017,  690,  499, 1007
2194,  950,  690, 1017, 1007
2195,  973, 1003,  363,  181
2196, 1106,  192,  498,   26
2197, 1114,  693,  696,  692
2198,  864,  253,  607,  252
2199,  510,  287,  288,  635
2200,  973,  179,  181,  127
2201,  981,  414,  180,  132
2202,  981,  414,  132,  370
2203, 1115,  696,  698,  692
2204,  957,  705,  134,  958
2205,  138,  974,  133,  171
2206,  178,  416,  136,  415
2207,  958,  177,  135,  134
2208,  469,  248,  249,  605
2209,  842,   90,  468,   16
2210,  873,  605,  606,  248
2211,  690,  499,  357, 1017
2212,  918,  926,  321,  332
2213,  842,  873,  465,  606
2214,  873,  248,  469,  605
2215,  875,  470,  604,  775
2216,  785,  259,  484,  485
2217,  860,  472,  251,  471
2218,  878,  615,  877,  618
2219,  493,  619,  272,  273
2220,  774,  462,  243,  461
2221,  874,  569,  589, 1149
2222,  496,  622,  495,  275
2223,  502,  266,  617,  623
2224,  794,  616,  620,  617
2225,  798,  797,  497, 1121
2226,  773,  774,  243,  461
2227,  801,  863,  802,  629
2228,  774,  775,  244,  462
2229,  775,  778,  470,  604
2230,  866,  242,  773,  777
2231, 1112,  460,  374,  174
2232, 1122,  551,  866,  706
2233,  152,  400,  153,  427
2234,  503,  267,  617,  266
2235, 1055,  674,  669,  681
2236, 1019,  376,  703,  702
2237,  551,  699,  866,  706
2238, 1019,  702,  176,  376
2239, 1122,    9,  375,  706
2240,  795,  617,  621,  623
2241, 1008,  705,  957,  958
2242, 1010,  704, 1000,  467
2243, 1131,  621,  795,  620
2244,  554,  492,  618,  190
2245,  467,  378,  704,  377
2246,  267,  794,  504,  503
2247,  466,  467, 1000,  377
2248,  957,  467,  175,  378
2249,  466,  703,  377, 1000
2250,  873,  605,  464,  246
2251,  893,  288,  511,  889
2252,  505,  793,  504,  615
2253,  873,  778,  464,  605
2254,  842,  465,   92,   11
2255,  842,   11,  606,  465
2256,  873,  246,  606,  605
2257,  464,  246,  605,  245
2258,  264,  624,  500,  625
2259,  501,  624,  264,  265
2260,  775,  604,  244,  245
2261,  804,  512,  872,  631
2262,  774,  244,  775,  604
2263, 1120,   19,  258,  610
2264,  774,  244,  604,  603
2265,  773,  243,  774,  603
2266,  875,  250,  251,  603
2267, 1112,  866,  550,  699
2268,  777,  603,  251,  242
2269,  845,  277,   80,   79
2270,  706,  699,  866,  242
2271, 1112,  374,   10,  242
2272, 1130,  622,  276,  624
2273,  959,  458,  459,  372
2274, 1126,  373,  699,  700
2275, 1126,  372,  373,  700
2276, 1087,   31,   32,  277
2277,  497,  276,   28,  625
2278, 1112,  699,  374,  242
2279,  961,  171,  138,  172
2280,  380,  137,  961,  138
2281, 1121,   28,  277,  625
2282,  957,  175,  134,  378
2283, 1085, 1086, 1008,  705
2284,   80,   29,   79,  277
2285,  660,  312, 1068,  670
2286, 1072, 1083, 1045,  682
2287, 1078,   79,  277, 1082
2288,  969,  711,  167,  140
2289,  962,  419,  142,  158
2290,  871,  453,  598,  238
2291,  500,  625,   25,  264
2292, 1121,  277,   25,  625
2293,  871,  238,  452,  453
2294,  871,  840,  599,  449
2295, 1121,   25,  277,   32
2296,  769,  871,  598,  448
2297,  768, 1081,  597,  890
2298,  890,  598,  769,  602
2299,  890,  769,  598,  448
2300,  775,  245,  463,  464
2301,  862,  233,  445,  446
2302,  554,  190,   27,  491
2303,  231,  548,  708,  870
2304, 1113,  168,  384,  457
2305,  495,  621,  274,  622
2306,  548,  549,  708,  870
2307, 1130,  275,  276,  622
2308,  977,  713,  708,  709
2309,  450,  386,  709,  385
2310,  796,  624,  265,  622
2311,  495,  622,  274,  275
2312,  764,  444,  231,  870
2313,  964,  710,  451,  387
2314,  451,  386,  387,  710
2315, 1066,  258,   22,   23
2316,  969,  140,  169,  141
2317,  962,  170,  141,  169
2318, 1141,  281,  282,  629
2319,  893,  511,  288,  510
2320, 1085,  958,  379,  705
2321,  871,  598,  448,  236
2322,  840,    3,  599,  449
2323, 1055,  672,  669,  674
2324, 1075, 1098, 1099,  237
2325,  890,  447,  448,  235
2326,  800,  634,  286,  633
2327,  871,  599,  452,  238
2328,  871,  599,  840,  452
2329, 1113,    1,  384,  231
2330,  863,  629,  633,  635
2331,  444,  231,  166,    2
2332, 1112,  174,  374,  373
2333,  166,  231,  383,    2
2334,  977,  443,  548,  713
2335,  284,  627,  556,  557
2336,  802,  630,  629,  635
2337,  166,  443,  383,  713
2338, 1113,  231,  384,  708
2339, 1005,  382,  443,  713
2340,   35,  284,  285,  556
2341,  965,  707,  998,  966
2342,  629,  630,  802,  281
2343, 1005,  713,  712,  382
2344,  521,  627,  557,  868
2345,  557,   34,  284,  283
2346,  443,  713,  382,  383
2347,  164,  163,  421,  144
2348,  165,  381,  714,  139
2349, 1064,   59,   53,   57
2350,  964,  714,  710,  711
2351,  557,  283,  284,  627
2352,  508,  286,  634,  285
2353,  967,  159,  146,  718
2354,  162,  423,  148,  422
2355,  978,  146,  161,  147
2356,  645,  757,  758,  543
2357,  313,  647,  437,  759
2358,  894,  446,  234,  233
2359,  894,  446,  447,  234
2360,  543,  542,  309,  645
2361,  900,  580,  581,  561
2362,  285,  284,  627,  556
2363,  508,  285,  556,  198
2364, 1081,  602,  239,  597
2365, 1111,   56,  436,  646
2366,   52,   58,   51,  312
2367,  438,  439,  650,  315
2368,  439,  440,  648,  316
2369,  863,  893,  635,  510
2370,  438,  314,  315,  650
2371,  801,  628,  633,  629
2372,  759,  646,  436,  313
2373,  893,  630,  288,  889
2374,  542,  308,  645,  644
2375,  547,  160,  434,  392
2376, 1105,  305,  391,   50
2377,  801,  282,  521,  628
2378, 1018,  720,  434,  393
2379, 1105,  931,  546,  539
2380, 1138,  305,  643,  317
2381,  547,  392,  434,  720
2382, 1141,  282,  628,  629
2383,  911,  733,  153,  918
2384,  560,  900,  810,  561
2385, 1139,  869,  755,  540
2386, 1137,  712,  714,  381
2387,  164,  143,  421,  422
2388,  162,  143,  422,  148
2389,  420,  389,  966, 1084
2390, 1141,  519,  520,  281
2391,  966,  421,  144,  389
2392,  978,  423,  395,  147
2393,  164,  162,  143,  422
2394, 1068, 1069, 1070,  761
2395,  573,  725,  297,   42
2396,  978,  423,  424,  395
2397, 1134,  716,  718,  721
2398,  998,  930,  711,  969
2399,  964,  965,  714,  998
2400,  978,  147,  162,  423
2401,  417,  416,  747,  379
2402,  841,  291,  626,   36
2403,  927,  418,  380,  417
2404,  961,  418,  158,  137
2405,  897,  876,  571,  839
2406,  803,  280,  630,  279
2407,  983,  370,  981,  694
2408,  988,  185,  128,  183
2409,  906,  568,  589,  874
2410,  693,  695,  956,  694
2411,   76, 1090,   75,   38
2412,  516,  626,  278,  632
2413, 1003,  693,  694,  363
2414, 1090,  657,  291,   38
2415,  992,  697,  695,  693
2416,  918,  733,  331,  322
2417,  517,  631,  278,  279
2418,  289,  631,  512,  889
2419,  754,  730,  154,  926
2420,  754,  401,  429,  428
2421,  919,  330,  744,  732
2422,  212,  149,  150,  425
2423,  872,  631,  290,  632
2424,  213,  145,  390,  721
2425,  424,  395,  423,  744
2426,  714,  965,  165,  707
2427,  930,  419,  420,  388
2428,  164,  144,  421,  143
2429,  964,  387,  167,  711
2430,  957,  958,  134,  177
2431,  898,  808,  582,  563
2432,   72,   40,  626,  291
2433,  872,  631,  632,  278
2434, 1102,  100,   54,    5
2435, 1086,  701,  133,  371
2436,  458,  701,  371,  372
2437,  416,  417,  958,  379
2438, 1011,  710,  964,  714
2439, 1142, 1143,  354,  685
2440,  198,  285,  556,   35
2441, 1012,  683,  686,  355
2442,  425,  732,  426,  149
2443, 1133,  717,  721,  718
2444,  196,  119,  406,  118
2445, 1117,  928,  353,  968
2446,  406,  405,  750,  354
2447, 1142,  686,  120,  355
2448,  208,  397,  725,   42
2449,  872,  632,  516,  278
2450, 1087,   76, 1090,  833
2451, 1118,  686,  683,  684
2452,  928,  944,  353,  968
2453, 1118,  685,  686,  684
2454,  918,  754,  401,  926
2455, 1117,  352,  115,  684
2456, 1028,  885,  879,  834
2457,  663, 1087,   31, 1090
2458,  405,  404,  749,  353
2459, 1117,  685, 1118,  684
2460,  804,  872,  517,  631
2461, 1077,  665,  662,  651
2462,  750,  749,  914,  353
2463,  944,  157,  404,  117
2464,  117,  353,  944,  116
2465,  750,  354,  405,  353
2466,  343,  749,  914,  750
2467,  516,  278,  626,   33
2468,  405,  750,  353,  749
2469, 1075, 1042, 1046,  886
2470,  406,  354,  750,  748
2471,   72,   33,  626,   40
2472,  285,  627,  508,  556
2473,  407,  123,  748,  746
2474,  119,  118,  354,  406
2475, 1142,  685,  120,  686
2476, 1142, 1143,  999,  948
2477,  957,  705,  704,  378
2478,  178,  177,  135,  416
2479,  289,  630,  631,  889
2480,  977,  709,  549,  450
2481,  511,  288,  289,  889
2482,  335,  739,  350,  752
2483,  380,  739,  752,  418
2484,  204,  154,  429,  430
2485,  865,  641,  636,  297
2486,  937,  994,  993,  726
2487,  727,  984,  401,  400
2488,  204,  155,  429,  154
2489,  428,  400,  731,  754
2490, 1004,  724,  723,  727
2491,  814,  815,  637,  642
2492,  984,  428,  401,  400
2493,  205,  402,  724,  156
2494,  910,  123,  748,  118
2495, 1136,  575,  219,  576
2496,  910,  746,  748,  123
2497,  188,  124,  410,  411
2498,  653, 1073, 1074,  665
2499, 1124,  688,  951,  689
2500, 1125,  689,  359,  360
2501,  230,  229,  431,  228
2502,  523,  572,  936,   43
2503,  410,  734,  411,  124
2504,  937,  722,  936,  994
2505,  746,  359,  745,  408
2506,  920,  359,  360,  745
2507,  952,  410,  360,  409
2508,  935,  152,  427,  400
2509,  743,  908,  324,  919
2510,  423,  743,  744,  395
2511,  525,  642,  299,  300
2512, 1146,  719,  715,  720
2513,  908,  148,  395,  743
2514,  423,  148,  422,  743
2515,  420,  388,  419,  741
2516,  922,  389,  143,  742
2517,  818,   44,  640,  529
2518,  573,  297,  725,  994
2519,  904,  567,  861,  811
2520,  422,  148,  143,  743
2521,  816,  638,  301,  639
2522, 1020,  585,  594,  226
2523,  419,  142,  158,  740
2524,  892,  637,  814,  536
2525, 1138,  547,  305,   49
2526,  911,  331,  322,  330
2527,  814,  535,  637,  815
2528,  541,  308,  644,  307
2529,  142,  172,  170,  158
2530,  638,  815,  300,  642
2531,  741,  912,  740,  327
2532,  740,  739,  137,  158
2533,  137,  740,  142,  912
2534,  573,  530,  725,  208
2535,  814,  637,  535,  536
2536,  158,  137,  142,  172
2537, 1109, 1077,  837, 1110
2538,  916,  380,  752,  379
2539,  573,  636,  208,   42
2540,  416,  136,  415,  738
2541,  865,  298,  524,  641
2542,  755,  643,  644,  648
2543,  737,  370,  414,  751
2544,  934,  150,  145,  717
2545,  415,  737,  738,  131
2546,  909,  738,  349,  737
2547,  925,  751,  737,  348
2548,  379,  136,  416,  738
2549, 1148,  727,  401,  724
2550, 1018,  393,  434,  435
2551,  536,  637,  296,  892
2552,  301,  638,  815,  300
2553,  534,  815,  638,  535
2554,  416,  379,  738,  747
2555,  535,  815,  638,  637
2556,  414,  737,  415,  131
2557,  413,  736,  369,  412
2558,  911,  331,  732,  733
2559,  363,  474, 1014,  364
2560,  917,  348,  925,  337
2561,  913,  734,  130,  735
2562,  913,  735,  338,  347
2563,  534,  294,  535,  638
2564,  913,  734,  360,  124
2565, 1062,  883,  820,  887
2566,  131,  370,  414,  737
2567,  816,  534,  638,  293
2568,  412,  411,  130,  186
2569, 1101,  694,  695,  369
2570,  124,  130,  734,  411
2571, 1136, 1016,  564,  575
2572,  324,  743,  329,  328
2573,  423,  743,  395,  148
2574,  410,  124,  125,  360
2575,  816,  301,  638,  815
2576, 1125,  126,  360,  125
2577,  412,  130,  411,  735
2578,  409,  745,  359,  408
2579,  369,  130,  412,  735
2580,  670,   47, 1064,  654
2581,  412,  186,  130,  129
2582, 1135,   66,   67,   46
2583, 1129,   45, 1027,  304
2584,  230,  940,  229,  225
2585,  646,  544,  311,  647
2586,  804,  631,  279,  630
2587,  917,  130,  369,  735
2588,  130,  734,  411,  735
2589,  153,  732,  426,  733
2590,  911,  733,  322,  331
2591, 1129,  304,   44,   45
2592,  911,  396,  149,  732
2593, 1039, 1045,  682,  679
2594,  967,  395,  718,  146
2595,  424,  744,  396,  395
2596,  980,  155,  203,  156
2597,  428,  427,  731,  400
2598,  155,  154,  401,  429
2599,  210,  153,  427,  152
2600,  425,  150,  396,  149
2601, 1027,  304,   45,   46
2602, 1027,  879,  830,   63
2603,  935,  427,  428,  400
2604,  526,  300,  301,  815
2605,  911,  330,  322,  323
2606,  816,  815,  527,  301
2607, 1059, 1061, 1060, 1064
2608,  754,  400,  731,  918
2609,  892,  641,  865,  814
2610,  918,  331,  332,  321
2611,  918,  153,  400,  733
2612,  429,  154,  730,  430
2613,  763, 1043,  851,  883
2614,  907,  332,  320,  321
2615,  907,  729,  730,  227
2616,  400,  401,  754,  428
2617,  596,  432,  729,  431
2618, 1118,  999,  946,  947
2619, 1079,   48,  304,   47
2620,  427,  153,  426,  733
2621,  221,  217, 1091,  220
2622,  915,  753,  924,  319
2623, 1128,   41,  640,  304
2624,  227,  430,  228,  431
2625,  914,  222,  117,  728
2626, 1027,  879,   63,   64
2627, 1117,  999,  968,  946
2628,  915,  753,  319,  334
2629,  907,  332,  321,  926
2630,  980,  429,  155,  401
2631,  227,  430,  729,  730
2632,  400,  153,  427,  733
2633,  915,  333,  907,  729
2634,  816,  528,  639,  527
2635, 1127,  762,  822,  828
2636,  222,  433,  157,  728
2637,  816,  638,  534,  815
2638,  353,  117,  404,  749
2639, 1142,  999, 1143,  685
2640,  924,  334,  319,  753
2641,  924,  222,  728,  595
2642, 1129,   44,  304,  640
2643,  942,  941,  577,  574
2644, 1128,   41,  304,   48
2645,  111,  114,  924,  914
2646,  817,  292,  293,  639
2647,  919,  329,  323,  324
2648,  754,  926,  154,  401
2649,  343,  750,  342,  344
2650,  922,  327,  326,  741
2651,  918,  331,  321,  322
2652,  149,  153,  732,  426
2653,  918,  331,  733,  731
2654,  989,  400,  727,  151
2655,  541,  307,  644,  643
2656, 1105,  391,  305,  715
2657,  935,  400,  151,  152
2658, 1138,  317,  643,  648
2659,  989,  209,  151,  207
2660, 1013,  936,  722,  523
2661,  918,  731,  332,  331
2662,  994,  398,  726,  725
2663, 1064,   47,   53,   60
2664, 1111,   56,  312,   55
2665, 1148,  938,  727,  724
2666,  546,  869,  547,  305
2667, 1139,  755,  541,  540
2668,  936,   43,  722,  523
2669,  531,  399,  726,  398
2670,  658, 1047, 1075,  671
2671,  915,  333,  319,  320
2672,  154,  401,  429,  754
2673,  915,  333,  334,  319
2674,  993,  726,  399,  727
2675, 1023,  997,  940,  939
2676, 1148,  156,  724,  401
2677,  907,  154,  730,  926
2678,  754,  332,  730,  926
2679,  227,  430,  431,  729
2680,  543,  310,  645,  309
2681,  993,  726,  727,  723
2682, 1148,  727,  984,  401
2683,  980,  429,  401,  428
2684,  918,  401,  754,  400
2685,  918,  733,  400,  731
2686,  911,  153,  732,  149
2687,  532,   41,  292,  640
2688,  758,  650,  647,  314
2689,  987,  721,  717,  145
2690,  312,   53,   52, 1069
2691, 1134,  716, 1147,  719
2692, 1111,  646,   51,  312
2693, 1099,  237,  658, 1075
2694,  982,  396,  424,  934
2695, 1004,  727,  938,  724
2696, 1064,   60,   53,   59
2697,  937,  723,  722,  726
2698,  935,  152,  210,  427
2699,  572,  206,  298,   43
2700,  994,  531,  726,  398
2701, 1139,  306,  643,  305
2702,  922,  742,  741,  389
2703,  989,  151,  727,  399
2704, 1139,  306,  305,   50
2705,  547,  392,  305,   49
2706, 1138,   49,  305,  317
2707,  934,  396,  150,  717
2708,  982,  395,  396,  717
2709,  908,  143,  148,  743
2710,  422,  743,  143,  742
2711,  324,  908,  743,  325
2712,  978,  147,  395,  146
2713,  989,  727,  993,  399
2714,  718,  967, 1133,  395
2715,  919,  744,  395,  396
2716,  434,  392,  393,  720
2717, 1139,  306,  307,  643
2718, 1133,  395,  717,  718
2719, 1139,  214,  540,  306
2720, 1138,  755,  869,  441
2721, 1002,  718,  719,  394
2722,  423,  147,  148,  395
2723,  212,  425,  426,  149
2724, 1134,  718,  716,  719
2725,  544,  759,  646,  545
2726,  440,  317,  648,  316
2727,   99, 1099,   97,    5
2728,  166,  708,  713,  383
2729,  931,  305,  720,  715
2730, 1002,  719, 1018,  435
2731, 1005,  963,  712,  977
2732, 1147,  716,  390,  715
2733,  547,  720,  305,  392
2734,  435,  394,  719,  393
2735, 1070,  101,  832,  843
2736, 1146,  996, 1147,  932
2737,  911,  918,  322,  733
2738,  934,  145,  987,  717
2739,  966,  163,  165,  139
2740, 1111,  646,  312,   56
2741,  760,  312,   58,  843
2742,  425,  149,  396,  732
2743,  919,  329,  330,  323
2744,  425,  744,  732,  396
2745,  543,  310,  647,  645
2746, 1147,  390,  391,  715
2747, 1033, 1039, 1034, 1036
2748,  982,  934,  717,  396
2749,  759,  647,  646,  313
2750,  934,  425,  150,  396
2751,  421,  742,  389,  420
2752,  144,  707,  966,  389
2753,  991,  721,  213,  390
2754,  922,  388,  741,  326
2755, 1084,  389,  707,  388
2756,  144,  143,  389,  421
2757,  651,  247, 1109,   13
2758,  325,  908,  743,  922
2759,  650,  757,  758,  645
2760,  756,  644,  649,  648
2761,  143,  743,  908,  922
2762,  158,  740,  142,  137
2763,  439,  650,  315,  649
2764,  912,  741,  740,  142
2765,  912,  923,  739,  112
2766,  439,  649,  315,  316
2767,  912,  388,  326,  741
2768,  436,  313,  646,   56
2769, 1075, 1100, 1047,  658
2770,  969,  140,  388,  711
2771, 1137, 1011, 1005,  442
2772,  964,  711,  710,  387
2773,  312, 1102,   55,   54
2774,  549,  385,  709,  708
2775, 1113,  385,  708,  384
2776,  166,  548,  708,  231
2777,  757,  543,  645,  542
2778,  757,  649,  645,  650
2779, 1137,  965, 1011,  442
2780,  756,  439,  648,  649
2781,  545,  311,   51,  646
2782, 1005,  713,  977,  712
2783,  327,  912,  740,  113
2784,  549,  385,  168,  450
2785,  756,  542,  644,  541
2786,  977,  963,  712,  709
2787, 1011,  712, 1005,  963
2788,  977,  549,  709,  708
2789,  743,  919,  395,  908
2790,  424,  425,  396,  744
2791, 1137,  165,  381,  714
2792,  998,  707,  714,  711
2793,  162,  148,  423,  147
2794, 1005,  443,  382,  442
2795,  544,  310,  311,  647
2796,  934,  211,  145,  150
2797,  982,  424,  396,  395
2798, 1084,  388,  707,  711
2799, 1113,  870,  549,  457
2800, 1011,  963,  964,  710
2801,  420,  741,  742,  389
2802, 1069,  312,   58,   52
2803,  758,  647,  437,  314
2804,  141,  962,  388,  142
2805,  922,  742,  328,  327
2806,  658, 1080, 1100, 1071
2807,  328,  742,  922,  743
2808,  922,  325,  328,  743
2809, 1102,  101,   55,   54
2810,  421,  422,  143,  742
2811,  964,  387,  451,  167
2812,  419,  388,  142,  741
2813,  922,  326,  327,  325
2814, 1005,  977,  713,  443
2815,  712,  710,  709,  963
2816,  964,  998,  711,  969
2817,  143,  389,  421,  742
2818,  964,  710,  963,  451
2819, 1043,  851,  883, 1062
2820, 1137,  714,  712,  710
2821, 1069, 1061,  670, 1064
2822,  451,  710,  963,  386
2823,  450,  451,  963,  386
2824,  529,  640,  303,   44
2825,  710,  386,  709,  963
2826, 1126,  174,  373,  459
2827, 1137,  712,  381,  382
2828,  312, 1080, 1068, 1070
2829,  167,  140,  711,  387
2830, 1028, 1032,  659, 1026
2831,  450,  709,  386,  963
2832,  817,  639,  640,  292
2833,  817,  303,  640,  639
2834, 1079,   48, 1128,  304
2835, 1138,  317,  441,   49
2836,  758,  438,  757,  650
2837,  138,  380,  133,  974
2838,  764,    2,  231,  444
2839, 1079, 1128,  879,  304
2840,  418,  137,  380,  739
2841,  969,  141,  388,  140
2842,   61, 1128,   62,  879
2843,  816,  817,  533,  293
2844,  139,  144,  707,  966
2845,  916,  747,  752,  350
2846, 1030,  659, 1031,  661
2847,  739,  137,  380,  923
2848,  960,  458,  959,  701
2849, 1027,   46,  659,  304
2850,   67, 1031,  104,  105
2851, 1060,  895,  827,  761
2852, 1086,  133,  701,  705
2853,  417,  418,  380,  752
2854,   65,   63, 1027,  830
2855, 1089,  663, 1132, 1090
2856,  418,  158,  137,  739
2857,  959,  700, 1015, 1000
2858,  957,  705,  378,  134
2859, 1126,  459,  959, 1015
2860, 1015, 1019,  703,  699
2861, 1126, 1015,  699,  550
2862,  700,  703, 1000,  704
2863, 1112,  373,  374,  699
2864, 1135,   66,  105,   67
2865,   70,   69, 1050,  806
2866,  909,  136,  738,  131
2867,  958,  134,  379,  705
2868,   40,  291,   72,   71
2869,  513,   36,  632,  290
2870,  135,  379,  136,  416
2871,   71,  291,   39,   40
2872,  752,  380,  417,  379
2873,  916,  752,  747,  379
2874,   74,   36,   37,  291
2875,  835,  856, 1067, 1054
2876,  909,  916,  738,  136
2877,  916,  923,  752,  380
2878, 1085,  705,  379,  380
2879,  112,  923,  739,  335
2880,  841,  626,  632,   36
2881,  528,  527,  302,  639
2882,  916,  738,  379,  747
2883,  180,  415,  178,  131
2884,  804,  279,  631,  517
2885,  960,  701, 1010,  705
2886,  132,  131,  370,  414
2887,  872,  290,  512,  513
2888,  466,  376,  377,  703
2889,  109,  107,  110,  318
2890,  377,  703,  704, 1000
2891, 1019,  466,  703,  376
2892,  838,   74,   73,  291
2893,   74,   73,  291,   37
2894, 1015,  703, 1000,  700
2895,  176,  376,  702,  375
2896,  841,   72,  626,  291
2897,  959,  700,  701,  372
2898,  291,   38,   73, 1090
2899,  841,  513,   36,  632
2900, 1003,  474,  363,  181
2901, 1122,    9,  706,  242
2902,  802,  630,  893,  803
2903, 1015,  700,  699,  703
2904,  841,  513,   74,   36
2905,  251,    9,  777,  242
2906,  841,  632,  626,  516
2907,  551,  706,  702,  699
2908,  862,  445,  232,  764
2909,  995,  483,  367,  482
2910, 1082,  277,  845,   79
2911,  992,  697,  368,  695
2912,  483,  367,  368,  697
2913,  176,  702,  706,  375
2914,   77,   32, 1088, 1087
2915, 1130,  624,  276,  625
2916,  502,  265,  266,  623
2917,  475,  364,  365,  698
2918, 1087,   76,   77,   31
2919, 1088,  845,   78,   77
2920, 1003,  696,  693,  363
2921, 1131,  494,  795,  495
2922,  180,  131,  414,  415
2923, 1114,  692,  697,  693
2924,  500,  501,  624,  264
2925, 1114,  692,  367,  697
2926,  973,  363, 1003,  694
2927,  625, 1121,   28,  497
2928, 1115,  696,  364,  698
2929,  182,  365,   18,  698
2930, 1115,  364, 1014,  475
2931,  917,  736,  348,  347
2932,  180,  132,  414,  131
2933,   79,   81, 1078,   30
2934,  957,  378,  704,  467
2935,  916,  336,  350,  335
2936,   20,  258,   86,   19
2937,  917,  338,  735,  347
2938,  178,  415,  136,  131
2939,  981,  414,  370,  413
2940,  909,  349,  916,  336
2941,  370,  694,  983,  369
2942,  751,  369,  736,  917
2943, 1096,  857,  789,  852
2944,  913,  124,  130,  734
2945,  410,  124,  360,  734
2946,  178,  136,  416,  135
2947,  481,  610,  257,   19
2948, 1114,  992, 1003,  693
2949, 1095,  258,  655, 1066
2950, 1066,  788,  836,   83
2951,  785,  611,  610,  259
2952,  983,  981,  370,  413
2953, 1066,  655,   22,  258
2954,  783,  478,  479,  613
2955,  953,  185,  186,  129
2956, 1098,  770,   95,  826
2957, 1116,  553,  954,  995
2958,  512,  289,  889,  511
2959, 1066,   83,   84,   23
2960,  953,  129,  186,  412
2961, 1092,  781,  850,  852
2962,  698,  252,  552,  954
2963,  954,  552,  698,  475
2964,  784,  486,  609,  260
2965, 1101,  369,  695,  128
2966,  480,  256,  257,  611
2967,  909,  337,  349,  336
2968,  864,  782,  612,  476
2969, 1026,  825, 1135,  830
2970, 1146,  715, 1147,  996
2971,  247,  662, 1110,   14
2972,  950,  690,  688,  687
2973,  975,  554,   27,  491
2974, 1074,  651,   13,    6
2975,  194,  407,  123,  118
2976,  358,  690,  499,  357
2977,  191,  691,  358,  121
2978,  970,  121,  689,  691
2979,   15,   14, 1110,   89
2980, 1017,  357,  690,  687
2981,  910,  344,  748,  746
2982,  122,  359,  123,  408
2983,  407,  123,  118,  748
2984,  910,  123,  359,  746
2985,  910,  920,  746,  359
2986,  979,  121,  122,  359
2987,  405,  354,  948, 1143
2988,  979,  121,  359,  689
2989,  910,  746,  345,  344
2990,  979,  689,  985,  970
2991,  979,  409,  359,  408
2992,  990,  687,  950,  688
2993,  468,   16,  248,  606
2994, 1109,   92,   91,   12
2995,  873,  468,  469,  248
2996,  992,  183,  695,  368
2997,  917,  735,  369,  736
2998, 1098,  844,   96,   95
2999,  913,  917,  338,  735
3000,  920,  346,  745,  734
3001,  188,  124,  411,  186
3002, 1075, 1099,  844,  765
3003,  465,  606,  246,   11
3004,   90,  837, 1109,  842
3005, 1002,  719,  932, 1018
3006, 1102,  100,  101,   54
3007,  920,  346,  913,  339
3008,  913,  339,  347,  338
3009,  913,  346,  347,  339
3010, 1074,   94,   93,  826
3011, 1124,  126,  361,  688
3012, 1125,  126,  689,  360
3013,  920,  734,  913,  346
3014, 1098,    7,   96,  237
3015,  871,  236,  599,  598
3016,    5, 1100,   54, 1102
3017, 1099,  844,  828,   97
3018, 1101,  128,  953,  369
3019,  188,  125,  410,  124
3020, 1098,  653,    6,  237
3021,  951,  689,  688,  691
3022, 1124,  688,  689,  126
3023,  448,  598,  235,  236
3024,  453,  239,  598,  238
3025, 1069,   58,  843,   57
3026,  767,  597,  601,  768
3027,  409,  359,  745,  360
3028,  952,  410,  125,  360
3029,  952,  187, 1125,  125
3030, 1099,  765,  828,  844
3031,  410,  745,  734,  360
3032,  410,  360,  409,  745
3033, 1099,  237,  840,    3
3034,  113,  739,  350,  335
3035, 1145,  356,  507,   35
3036,  910,  345,  920,  340
3037, 1099,  840,  844,   98
3038,  975,  362,  270,  687
3039,  924,  319,  334,  111
3040,  924,  114,  111,  334
3041,  202,  223,  157,  117
3042,  404,  749,  117,  157
3043, 1077,  247,  651,  662
3044,  921,  353,  750,  342
3045,  945,  352,  683,  351
3046, 1117,  685,  684,  115
3047, 1117,  999, 1118,  685
3048,  928,  405,  353,  404
3049,  686,  355, 1142,  947
3050,  595,  222,  728,  433
3051, 1127,  100,  822,  832
3052,   99,  822, 1127,  100
3053, 1047,  668,  671,  658
3054,  341,  344,  921,  910
3055, 1145,  976,  284,  556
3056, 1111, 1070,   55,  312
3057,  196,  118,  406,  407
3058, 1070, 1102,   55,  312
3059,  921,  750,  748,  344
3060, 1145,  976,  556,  507
3061, 1068,  675,  660,  670
3062, 1143,  354,  685,  353
3063, 1006,  506,  356,  355
3064,  437,  314,  647,  313
3065,   58,   51,  312,  760
3066, 1144,  351,  683,  284
3067,  910,  341,  345,  340
3068, 1049,  838, 1051,  291
3069,  920,  345,  746,  745
3070,  968,  115,  116,  353
3071,  921,  748,  750,  354
3072,  921,  910,  748,  118
3073,  914,  343,  111,  114
3074,  914,  728,  117,  749
3075, 1054,  318,  652,  661
3076,  118,  354,  406,  748
3077,  318,  104,  106,  103
3078,  925,  737,  370,  131
3079, 1142,  120,  685,  354
3080, 1067,  835,  105,  846
3081,  921,  341,  342,  344
3082,  949,  555,  270,  554
3083,  948,  354,  119,  120
3084, 1059,  675,  654,  666
3085,  407,  746,  408,  123
3086,  107,  835,  110,  318
3087,  222,  117,  157,  223
3088, 1145,   35,  556,  284
3089, 1066,   83,   22,   82
3090,  656,  258,  655, 1095
3091, 1066,   82,  790,   83
3092, 1078, 1082, 1057,   79
3093,  910,  344,  345,  341
3094,  359,  123,  408,  746
3095,  981,  973,  694,  127
3096,  916,  350,  336,  349
3097,  353,  750,  342,  914
3098,   30,   79,  277, 1078
3099,  129,  369,  130,  412
3100,   21,  656, 1119,  258
3101,  910,  920,  345,  746
3102, 1103,  823,  831,   88
3103, 1104,   88,   21,   87
3104,   87, 1104, 1119,   21
3105,  920,  340,  345,  346
3106,  913,  734,  347,  346
3107,  917,  370,  751,  369
3108, 1104,   89,   14,   88
3109, 1092, 1076,  677,  662
3110,  736,  369,  412,  735
3111,  917,  338,  347,  348
3112,  920,  339,  340,  346
3113, 1076, 1045, 1040,  677
3114, 1076,  665, 1042, 1045
3115,  411,  124,  130,  186
3116,  983,  369,  413,  370
3117,  909,  348,  349,  337
3118, 1103,  779, 1110,  831
3119, 1116,  366,  184,  482
3120, 1098,   95,    6,   94
3121,  973,  956,  983,  694
3122, 1127,  832,  101,  100
3123, 1076,  854,  779,  850
3124, 1075,  770,  765,  844
