1,   5.30835629,   26.6869087,   26.5803051
2,   15.2366533,   22.8032627,   25.6190586
3,   8.44850445,   12.6440802,   43.4856186
4,   7.95756769,    10.680975,   44.6041107
5,   8.82493019,    8.8527174,   45.0299225
6, 0.0196487177,   12.4999847,   45.0299225
7,   1.92573988,   13.1794395,   44.6041107
8,   2.96672034,     14.91471,   43.4856186
9,  -15.2366533,   22.8032627,   25.6190586
10,  -5.30835629,   26.6869087,   26.5803051
11,  -2.96672034,     14.91471,   43.4856186
12,  -1.92574179,   13.1794376,   44.6041107
13, -0.0196487177,   12.4999847,   45.0299225
14,  -8.82493019,    8.8527174,   45.0299225
15,  -7.95757008,    10.680975,   44.6041107
16,  -8.44850445,   12.6440802,   43.4856186
17,  -27.4608517,   5.46230316,     20.22966
18,  -23.2733421,   15.5507507,   20.7000294
19,  -12.6440802,   8.44850445,   43.4856186
20,   -10.680975,   7.95756388,   44.6041107
21,   -8.8527174,   8.82493019,   45.0299225
22,  -12.4999847, 0.0196487177,   45.0299225
23,  -13.1794415,   1.92573786,   44.6041107
24,    -14.91471,   2.96672034,   43.4856186
25,  -12.6440802,  -8.44850445,   43.4856186
26,  -23.2811489,  -15.5559664,   19.9749851
27,  -27.4619884,  -5.46252918,   19.9749851
28,    -14.91471,  -2.96672034,   43.4856186
29,  -13.1794395,  -1.92573965,   44.6041107
30,  -12.4999847, -0.0196487177,   45.0299225
31,   -8.8527174,  -8.82493019,   45.0299225
32,   -10.680975,  -7.95756674,   44.6041107
33,  -2.96672034,    -14.91471,   43.4856186
34,  -5.46252918,  -27.4619884,   19.9749851
35,  -15.5559664,  -23.2811489,   19.9749851
36,  -8.44850445,  -12.6440802,   43.4856186
37,  -7.95756769,   -10.680975,   44.6041107
38,  -8.82493019,   -8.8527174,   45.0299225
39, -0.0196487177,  -12.4999847,   45.0299225
40,  -1.92573988,  -13.1794395,   44.6041107
41,     14.91471,  -2.96672034,   43.4856186
42,   27.4619884,  -5.46252918,   19.9749851
43,   23.2811489,  -15.5559664,   19.9749851
44,   12.6440802,  -8.44850445,   43.4856186
45,    10.680975,  -7.95756388,   44.6041107
46,    8.8527174,  -8.82493019,   45.0299225
47,   12.4999847, -0.0196487177,   45.0299225
48,   13.1794415,  -1.92573786,   44.6041107
49,   23.2733421,   15.5507507,   20.7000294
50,   27.4608517,   5.46230316,     20.22966
51,     14.91471,   2.96672034,   43.4856186
52,   13.1794395,   1.92573965,   44.6041107
53,   12.4999847, 0.0196487177,   45.0299225
54,    8.8527174,   8.82493019,   45.0299225
55,    10.680975,   7.95756674,   44.6041107
56,   12.6440802,   8.44850445,   43.4856186
57,   13.1794558,   1.92572224,   49.0712662
58,     14.91471,   2.96672034,   48.1308022
59,   12.4999847, 0.0196487177,   49.4325829
60,   12.4999847, -0.0196487177,   49.4325829
61,   13.1794558,  -1.92572284,   49.0712662
62,     14.91471,  -2.96672034,   48.1308022
63,   10.6809731,  -7.95759106,   49.0712662
64,   12.6440802,  -8.44850445,   48.1308022
65,    8.8527174,  -8.82493019,   49.4325829
66,   8.82493019,   -8.8527174,   49.4325829
67,   8.82493019,   -8.8527174,   45.0299225
68, 0.0196487177,  -12.4999847,   45.0299225
69, 0.0196487177,  -12.4999847,   49.4325829
70, -0.0196487177,  -12.4999847,   49.4325829
71,  -1.92572284,  -13.1794558,   49.0712662
72,  -2.96672034,    -14.91471,   48.1308022
73,  -7.95759106,  -10.6809731,   49.0712662
74,  -8.44850445,  -12.6440802,   48.1308022
75,  -8.82493019,   -8.8527174,   49.4325829
76,   -8.8527174,  -8.82493019,   49.4325829
77,   -10.680974,  -7.95759106,   49.0712662
78,  -12.6440802,  -8.44850445,   48.1308022
79,  -13.1794558,  -1.92572224,   49.0712662
80,    -14.91471,  -2.96672034,   48.1308022
81,  -12.4999847, -0.0196487177,   49.4325829
82,  -12.4999847, 0.0196487177,   49.4325829
83,  -13.1794558,   1.92572284,   49.0712662
84,    -14.91471,   2.96672034,   48.1308022
85,  -10.6809731,   7.95759106,   49.0712662
86,  -12.6440802,   8.44850445,   48.1308022
87,   -8.8527174,   8.82493019,   49.4325829
88,  -8.82493019,    8.8527174,   49.4325829
89,  -7.95759106,    10.680974,   49.0712662
90,  -8.44850445,   12.6440802,   48.1308022
91,  -1.92572224,   13.1794558,   49.0712662
92,  -2.96672034,     14.91471,   48.1308022
93, -0.0196487177,   12.4999847,   49.4325829
94, 0.0196487177,   12.4999847,   49.4325829
95,   1.92572284,   13.1794558,   49.0712662
96,   2.96672034,     14.91471,   48.1308022
97,   7.95759106,   10.6809731,   49.0712662
98,   8.44850445,   12.6440802,   48.1308022
99,   8.82493019,    8.8527174,   49.4325829
100,    8.8527174,   8.82493019,   49.4325829
101,    10.680974,   7.95759106,   49.0712662
102,   12.6440802,   8.44850445,   48.1308022
103,   8.44850445,  -12.6440802,   43.4856186
104,   7.95759106,  -10.6809721,   44.6041107
105,   7.95759106,   -10.680974,   49.0712662
106,   8.44850445,  -12.6440802,   48.1308022
107,   1.92572105,  -13.1794548,   44.6041107
108,   1.92572224,  -13.1794558,   49.0712662
109,   2.96672034,    -14.91471,   43.4856186
110,   2.96672034,    -14.91471,   48.1308022
111,           0.,         -15.,           4.
112,           0.,          15.,           4.
113,           0.,          15.,           0.
114,           0.,         -15.,           0.
115,  -4.84063768,  -24.3355293,           7.
116,  -3.73562622,  -23.2840443,   4.87868023
117,  -1.50553179,   -22.946312,           4.
118,  -15.1609211,  -17.2900639,           4.
119,  -13.8228245,  -19.1057854,   4.87867785
120,  -13.7849703,  -20.6306667,           7.
121,  -20.6306667,  -13.7849703,           7.
122,   -19.105793,  -13.8228178,   4.87867975
123,  -17.2900639,  -15.1609211,           4.
124,   -22.946312,  -1.50553179,           4.
125,  -23.2840462,  -3.73561549,   4.87867975
126,  -24.3355293,  -4.84063768,           7.
127,  -20.6306667,   13.7849703,           7.
128,  -24.3355293,   4.84063768,           7.
129,  -23.2840481,   3.73562145,   4.87868404
130,   -22.946312,   1.50553179,           4.
131,  -17.2900639,   15.1609211,           4.
132,  -19.1057854,   13.8228216,   4.87867546
133,  -4.84063768,   24.3355293,           7.
134,  -13.7849703,   20.6306667,           7.
135,  -13.8228207,   19.1057911,   4.87868166
136,  -15.1609211,   17.2900639,           4.
137,  -1.50553179,    22.946312,           4.
138,  -3.73562002,   23.2840424,   4.87867641
139,   13.7849703,   20.6306667,           7.
140,   4.84063768,   24.3355293,           7.
141,   3.73562622,   23.2840443,   4.87868023
142,   1.50553179,    22.946312,           4.
143,   15.1609211,   17.2900639,           4.
144,   13.8228245,   19.1057854,   4.87867785
145,   24.3355293,   4.84063768,           7.
146,   20.6306667,   13.7849703,           7.
147,    19.105793,   13.8228178,   4.87867975
148,   17.2900639,   15.1609211,           4.
149,    22.946312,   1.50553179,           4.
150,   23.2840462,   3.73561454,   4.87867975
151,   24.3355293,  -4.84063768,           7.
152,   23.2840462,  -3.73562145,   4.87868404
153,    22.946312,  -1.50553179,           4.
154,   17.2900639,  -15.1609211,           4.
155,   19.1057854,  -13.8228216,   4.87867546
156,   20.6306667,  -13.7849703,           7.
157,           0.,         -25.,           0.
158,           0.,          25.,           0.
159,   24.3217258,   16.2512589,           7.
160,   26.6070271,   17.7782478,   19.9749851
161,   22.9606018,   16.3985538,   4.87868643
162,    21.252306,   17.8084068,           4.
163,   16.3985558,   22.9605999,   4.87868452
164,   17.8084068,    21.252306,           4.
165,   16.2512589,   24.3217258,           7.
166,   17.7782478,   26.6070271,   19.9749851
167,   5.70668316,   28.6894321,           7.
168,   6.24289036,    31.385128,   19.9749851
169,   4.64006758,   27.8311253,   4.87868595
170,   2.43520498,   27.6200943,           4.
171,  -4.64006567,   27.8311253,   4.87868452
172,  -2.43520498,   27.6200943,           4.
173,  -5.70668316,   28.6894321,           7.
174,  -6.24289036,    31.385128,   19.9749851
175,  -16.2512589,   24.3217258,           7.
176,  -17.7782478,   26.6070271,   19.9749851
177,  -16.3985538,   22.9605999,   4.87868595
178,  -17.8084068,    21.252306,           4.
179,  -22.9605999,   16.3985558,   4.87868452
180,   -21.252306,   17.8084068,           4.
181,  -24.3217258,   16.2512589,           7.
182,  -26.6070271,   17.7782478,   19.9749851
183,  -28.6894321,   5.70668316,           7.
184,   -31.385128,   6.24289036,   19.9749851
185,  -27.8311253,   4.64006805,   4.87868643
186,  -27.6200943,   2.43520498,           4.
187,  -27.8311253,  -4.64006567,   4.87868452
188,  -27.6200943,  -2.43520498,           4.
189,  -28.6894321,  -5.70668316,           7.
190,   -31.385128,  -6.24289036,   19.9749851
191,  -24.3217258,  -16.2512589,           7.
192,  -26.6070271,  -17.7782478,   19.9749851
193,  -22.9605999,  -16.3985538,   4.87868595
194,   -21.252306,  -17.8084068,           4.
195,  -16.3985558,  -22.9605999,   4.87868452
196,  -17.8084068,   -21.252306,           4.
197,  -16.2512589,  -24.3217258,           7.
198,  -17.7782478,  -26.6070271,   19.9749851
199,  -5.70668316,  -28.6894321,           7.
200,  -6.24289036,   -31.385128,   19.9749851
201,  -4.64006758,  -27.8311253,   4.87868595
202,  -2.43520498,  -27.6200943,           4.
203,   22.9605999,  -16.3985558,   4.87868452
204,    21.252306,  -17.8084068,           4.
205,   24.3217258,  -16.2512589,           7.
206,   26.6070271,  -17.7782478,   19.9749851
207,   28.6894321,  -5.70668316,           7.
208,    31.385128,  -6.24289036,   19.9749851
209,   27.8311253,  -4.64006758,   4.87868595
210,   27.6200943,  -2.43520498,           4.
211,   27.8311253,   4.64006567,   4.87868452
212,   27.6200943,   2.43520498,           4.
213,   28.6894321,   5.70668316,           7.
214,    31.385128,   6.24289036,   19.9749851
215,   6.24289036,   -31.385128,   19.9749851
216,   17.7782478,  -26.6070271,   19.9749851
217,   4.84063768,  -24.3355293,           7.
218,   5.70668316,  -28.6894321,           7.
219,   5.46252918,  -27.4619884,   19.9749851
220,   3.73559117,  -23.2840481,   4.87867975
221,   4.64006567,  -27.8311253,   4.87868452
222,   1.50553179,   -22.946312,           4.
223,   2.43520498,  -27.6200943,           4.
224,   16.2512589,  -24.3217258,           7.
225,   13.7849703,  -20.6306667,           7.
226,   15.5559664,  -23.2811489,   19.9749851
227,   15.1609211,  -17.2900639,           4.
228,   17.8084068,   -21.252306,           4.
229,   16.3985424,  -22.9606037,   4.87867737
230,   13.8228397,  -19.1057873,   4.87869453
231,   10.4654684,   25.2099094,   26.2147312
232,   14.6899443,    21.985054,   29.1870899
233,   13.8865499,     20.78269,   32.5941544
234,   12.8405094,   19.2171803,   35.7807198
235,   11.5701008,   17.3158798,   38.6911011
236,   10.0975218,     15.11201,   41.2744484
237,   4.78354311,   11.5484943,   45.0299225
238,   3.62580037,   18.2281303,   40.9174995
239,   4.20159626,   21.1228504,   37.8683281
240,   4.68088198,    23.532383,   34.4081497
241,   5.05264854,   25.4013786,   30.6164455
242,  -10.4654684,   25.2099094,   26.2147312
243,  -5.05264854,   25.4013786,   30.6164455
244,  -4.68088198,    23.532383,   34.4081497
245,  -4.20159626,   21.1228504,   37.8683281
246,  -3.62580037,   18.2281303,   40.9174995
247,  -4.78354311,   11.5484943,   45.0299225
248,  -10.4070234,   15.5752115,   40.7861977
249,  -12.1038513,   18.1146946,   37.5634651
250,  -13.4963198,   20.1986694,   33.8984566
251,  -14.5494137,   21.7747364,   29.8833332
252,  -25.8648243,   10.7126751,   20.4744568
253,  -22.8722725,   15.2827644,   25.1995659
254,  -21.8737659,   14.6155834,   29.5626354
255,  -20.3039055,   13.5666361,   33.6752701
256,  -18.2036953,   12.1633196,   37.4300461
257,  -15.6279936,   10.4422913,   40.7288857
258,  -11.5484943,   4.78354311,   45.0299225
259,  -18.4914036,   3.67816877,   40.6761703
260,   -21.568264,   4.29019451,   37.3071556
261,  -24.0621243,   4.78625441,   33.4696465
262,  -25.9055748,   5.15293932,   29.2673702
263,  -27.0487843,   5.38033772,   24.8139153
264,  -15.2900581,  -10.2164898,   41.0898476
265,  -17.6265926,  -11.7777128,   38.2667503
266,  -19.6063995,  -13.1005774,   35.0734596
267,  -21.1894073,  -14.1583099,   31.5746078
268,  -22.3435822,  -14.9295044,   27.8409996
269,  -23.0455666,  -15.3985548,   23.9481964
270,  -25.8686275,  -10.7151365,   19.9749851
271,  -27.1840973,  -5.40725327,   23.9481964
272,  -26.3560524,  -5.24254513,   27.8409996
273,  -24.9946117,  -4.97173738,   31.5746078
274,  -23.1273251,   -4.6003108,   35.0734596
275,  -20.7919846,  -4.13578272,   38.2667503
276,  -18.0358524,  -3.58755422,   41.0898476
277,  -11.5484943,  -4.78354311,   45.0299225
278,  -3.58755422,  -18.0358524,   41.0898476
279,  -4.13578272,  -20.7919846,   38.2667503
280,   -4.6003108,  -23.1273251,   35.0734596
281,  -4.97173738,  -24.9946117,   31.5746078
282,  -5.24254513,  -26.3560524,   27.8409996
283,  -5.40725327,  -27.1840973,   23.9481964
284,  -10.7151365,  -25.8686275,   19.9749851
285,  -15.3985548,  -23.0455666,   23.9481964
286,  -14.9295044,  -22.3435822,   27.8409996
287,  -14.1583099,  -21.1894073,   31.5746078
288,  -13.1005774,  -19.6063995,   35.0734596
289,  -11.7777128,  -17.6265926,   38.2667503
290,  -10.2164898,  -15.2900581,   41.0898476
291,  -4.78354311,  -11.5484943,   45.0299225
292,   18.5221615,  -3.68428683,   40.6475639
293,   21.6197052,  -4.30042648,   37.2404022
294,   24.1220684,  -4.79817772,    33.357933
295,   25.9603634,  -5.16383696,   29.1070366
296,   27.0839806,  -5.38733864,   24.6047382
297,   25.8686275,  -10.7151365,   19.9749851
298,   23.0455666,  -15.3985548,   23.9481964
299,   22.3435822,  -14.9295044,   27.8409996
300,   21.1894073,  -14.1583099,   31.5746078
301,   19.6063995,  -13.1005774,   35.0734596
302,   17.6265926,  -11.7777128,   38.2667503
303,   15.2900581,  -10.2164898,   41.0898476
304,   11.5484943,  -4.78354311,   45.0299225
305,   25.8648243,   10.7126751,   20.4744568
306,   27.1528912,    5.4010458,   24.1641617
307,   26.3053741,   5.23246431,    28.015419
308,   24.9351425,   4.95990801,   31.7069054
309,   23.0694237,   4.58879375,   35.1652679
310,   20.7452908,   4.12649488,   38.3217812
311,   18.0089283,   3.58219862,   41.1137238
312,   11.5484943,   4.78354311,   45.0299225
313,   15.6279936,   10.4422913,   40.7288857
314,   18.2036953,   12.1633196,   37.4300461
315,   20.3039055,   13.5666361,   33.6752701
316,   21.8737659,   14.6155834,   29.5626354
317,   22.8722725,   15.2827644,   25.1995659
318,   4.78354311,  -11.5484943,   45.0299225
319,   5.13030195,  -14.0953894,           4.
320,   9.64181423,  -11.4906664,           4.
321,   12.9903812,         -7.5,           4.
322,   14.7721167,  -2.60472274,           4.
323,   14.7721167,   2.60472274,           4.
324,   12.9903812,          7.5,           4.
325,   9.64181423,   11.4906664,           4.
326,   5.13030195,   14.0953894,           4.
327,   5.13030195,   14.0953894,           0.
328,   9.64181423,   11.4906664,           0.
329,   12.9903812,          7.5,           0.
330,   14.7721167,   2.60472274,           0.
331,   14.7721167,  -2.60472274,           0.
332,   12.9903812,         -7.5,           0.
333,   9.64181423,  -11.4906664,           0.
334,   5.13030195,  -14.0953894,           0.
335,  -5.13030195,   14.0953894,           4.
336,  -9.64181423,   11.4906664,           4.
337,  -12.9903812,          7.5,           4.
338,  -14.7721167,   2.60472274,           4.
339,  -14.7721167,  -2.60472274,           4.
340,  -12.9903812,         -7.5,           4.
341,  -9.64181423,  -11.4906664,           4.
342,  -5.13030195,  -14.0953894,           4.
343,  -5.13030195,  -14.0953894,           0.
344,  -9.64181423,  -11.4906664,           0.
345,  -12.9903812,         -7.5,           0.
346,  -14.7721167,  -2.60472274,           0.
347,  -14.7721167,   2.60472274,           0.
348,  -12.9903812,          7.5,           0.
349,  -9.64181423,   11.4906664,           0.
350,  -5.13030195,   14.0953894,           0.
351,  -5.39222908,  -27.1085644,   15.4973106
352,  -5.18313789,   -26.057394,   11.1348877
353,  -6.43534517,  -22.0768242,           4.
354,  -11.0601969,  -20.1611481,           4.
355,  -14.7603283,  -22.0903912,   11.1348877
356,  -15.3557682,  -22.9815311,   15.4973106
357,  -22.9815311,  -15.3557682,   15.4973106
358,  -22.0903912,  -14.7603283,   11.1348877
359,  -20.1611481,  -11.0601969,           4.
360,  -22.0768242,  -6.43534517,           4.
361,   -26.057394,  -5.18313789,   11.1348877
362,  -27.1085644,  -5.39222908,   15.4973106
363,  -21.8303757,   14.5865908,   10.2453346
364,  -22.6788464,   15.1535215,    13.647213
365,  -23.1624298,   15.4766407,   17.1509018
366,  -27.2848778,    5.4272995,   16.8001003
367,  -26.6984444,   5.31065083,   13.4183016
368,  -25.7103729,   5.11411142,   10.1351385
369,  -22.0768242,   6.43534517,           4.
370,  -20.1611481,   11.0601969,           4.
371,  -5.15377331,   25.9097672,   10.6947603
372,  -5.36023378,   26.9477158,   14.5816069
373,  -5.45574617,   27.4278889,   18.5800877
374,  -5.43833351,   27.3403492,   22.6074409
375,    -15.52209,   23.2304497,   21.8218632
376,  -15.5168304,    23.222578,   17.9900799
377,   -15.220974,   22.7797966,   14.1954689
378,  -14.6400604,   21.9103985,   10.5090961
379,  -11.0601969,   20.1611481,           4.
380,  -6.43534517,   22.0768242,           4.
381,   14.8115072,   22.1669884,   11.4167194
382,   15.4050074,   23.0552235,   16.0836544
383,   15.5481176,   23.2694016,    20.864357
384,   5.43833351,   27.3403492,   22.6074409
385,   5.45574617,   27.4278889,   18.5800877
386,   5.36023378,   26.9477158,   14.5816069
387,   5.15377331,   25.9097672,   10.6947603
388,   6.43534517,   22.0768242,           4.
389,   11.0601969,   20.1611481,           4.
390,   26.0835609,   5.18834305,   11.2154789
391,    27.134697,   5.39742661,   15.6649933
392,   23.1624298,   15.4766407,   17.1509018
393,   22.6788464,   15.1535215,    13.647213
394,   21.8303757,   14.5865908,   10.2453346
395,   20.1611481,   11.0601969,           4.
396,   22.0768242,   6.43534517,           4.
397,   27.2630005,  -5.42294788,   16.6103973
398,   26.6689224,  -5.30477858,   13.2945709
399,   25.6883621,  -5.10973263,   10.0755548
400,   22.0768242,  -6.43534517,           4.
401,   20.1611481,  -11.0601969,           4.
402,   22.0903912,  -14.7603283,   11.1348877
403,   22.9815311,  -15.3557682,   15.4973106
404,  -4.87725782,  -24.5196323,           0.
405,  -9.56708622,  -23.0969887,           0.
406,  -13.8892555,  -20.7867413,           0.
407,  -17.6776695,  -17.6776695,           0.
408,  -20.7867413,  -13.8892555,           0.
409,  -23.0969887,  -9.56708622,           0.
410,  -24.5196323,  -4.87725782,           0.
411,         -25.,           0.,           0.
412,  -24.5196323,   4.87725782,           0.
413,  -23.0969887,   9.56708622,           0.
414,  -20.7867413,   13.8892555,           0.
415,  -17.6776695,   17.6776695,           0.
416,  -13.8892555,   20.7867413,           0.
417,  -9.56708622,   23.0969887,           0.
418,  -4.87725782,   24.5196323,           0.
419,   4.87725782,   24.5196323,           0.
420,   9.56708622,   23.0969887,           0.
421,   13.8892555,   20.7867413,           0.
422,   17.6776695,   17.6776695,           0.
423,   20.7867413,   13.8892555,           0.
424,   23.0969887,   9.56708622,           0.
425,   24.5196323,   4.87725782,           0.
426,          25.,           0.,           0.
427,   24.5196323,  -4.87725782,           0.
428,   23.0969887,  -9.56708622,           0.
429,   20.7867413,  -13.8892555,           0.
430,   17.6776695,  -17.6776695,           0.
431,   13.8892555,  -20.7867413,           0.
432,   9.56708622,  -23.0969887,           0.
433,   4.87725782,  -24.5196323,           0.
434,   26.3498001,   17.6063728,   15.5361071
435,   25.5830917,   17.0940762,   11.1830559
436,   16.0781517,   10.7430773,   45.4716377
437,   19.1333637,   12.7845058,   42.2116852
438,   21.7377281,   14.5246849,   38.4277534
439,    23.829874,   15.9226122,   34.2090111
440,   25.3605022,   16.9453468,   29.6548672
441,   26.2935505,   17.5687885,   24.8726273
442,   17.0940762,   25.5830917,   11.1830559
443,   17.6063728,   26.3498001,   15.5361071
444,   17.5687885,   26.2935505,   24.8726273
445,   16.9453468,   25.3605022,   29.6548672
446,   15.9226122,    23.829874,   34.2090111
447,   14.5246849,   21.7377281,   38.4277534
448,   12.7845058,   19.1333637,   42.2116852
449,   10.7430773,   16.0781517,   45.4716377
450,   6.18253613,   31.0817089,   15.5361071
451,    6.0026412,   30.1773148,   11.1830559
452,   3.77246714,   18.9654732,   45.4716377
453,   4.48932123,   22.5693417,   42.2116852
454,   5.10039139,   25.6413975,   38.4277534
455,   5.59127808,   28.1092529,   34.2090111
456,   5.95041418,    29.914753,   29.6548672
457,   6.16933823,   31.0153561,   24.8726273
458,   -6.0026412,   30.1773148,   11.1830559
459,  -6.18253613,   31.0817089,   15.5361071
460,  -6.16933823,   31.0153561,   24.8726273
461,  -5.95041418,    29.914753,   29.6548672
462,  -5.59127808,   28.1092529,   34.2090111
463,  -5.10039139,   25.6413975,   38.4277534
464,  -4.48932123,   22.5693417,   42.2116852
465,  -3.77246714,   18.9654732,   45.4716377
466,  -17.6063728,   26.3498001,   15.5361071
467,  -17.0940762,   25.5830917,   11.1830559
468,  -10.7430773,   16.0781517,   45.4716377
469,  -12.7845058,   19.1333637,   42.2116852
470,  -14.5246849,   21.7377281,   38.4277534
471,  -15.9226122,    23.829874,   34.2090111
472,  -16.9453468,   25.3605022,   29.6548672
473,  -17.5687885,   26.2935505,   24.8726273
474,  -25.5830917,   17.0940762,   11.1830559
475,  -26.3498001,   17.6063728,   15.5361071
476,  -26.2935505,   17.5687885,   24.8726273
477,  -25.3605022,   16.9453468,   29.6548672
478,   -23.829874,   15.9226122,   34.2090111
479,  -21.7377281,   14.5246849,   38.4277534
480,  -19.1333637,   12.7845058,   42.2116852
481,  -16.0781517,   10.7430773,   45.4716377
482,  -31.0817089,   6.18253613,   15.5361071
483,  -30.1773148,    6.0026412,   11.1830559
484,  -18.9654732,   3.77246714,   45.4716377
485,  -22.5693417,   4.48932123,   42.2116852
486,  -25.6413975,   5.10039139,   38.4277534
487,  -28.1092529,   5.59127808,   34.2090111
488,   -29.914753,   5.95041418,   29.6548672
489,  -31.0153561,   6.16933823,   24.8726273
490,  -30.1773148,   -6.0026412,   11.1830559
491,  -31.0817089,  -6.18253613,   15.5361071
492,  -31.0153561,  -6.16933823,   24.8726273
493,   -29.914753,  -5.95041418,   29.6548672
494,  -28.1092529,  -5.59127808,   34.2090111
495,  -25.6413975,  -5.10039139,   38.4277534
496,  -22.5693417,  -4.48932123,   42.2116852
497,  -18.9654732,  -3.77246714,   45.4716377
498,  -26.3498001,  -17.6063728,   15.5361071
499,  -25.5830917,  -17.0940762,   11.1830559
500,  -16.0781517,  -10.7430773,   45.4716377
501,  -19.1333637,  -12.7845058,   42.2116852
502,  -21.7377281,  -14.5246849,   38.4277534
503,   -23.829874,  -15.9226122,   34.2090111
504,  -25.3605022,  -16.9453468,   29.6548672
505,  -26.2935505,  -17.5687885,   24.8726273
506,  -17.0940762,  -25.5830917,   11.1830559
507,  -17.6063728,  -26.3498001,   15.5361071
508,  -17.5687885,  -26.2935505,   24.8726273
509,  -16.9453468,  -25.3605022,   29.6548672
510,  -15.9226122,   -23.829874,   34.2090111
511,  -14.5246849,  -21.7377281,   38.4277534
512,  -12.7845058,  -19.1333637,   42.2116852
513,  -10.7430773,  -16.0781517,   45.4716377
514,  -6.18253613,  -31.0817089,   15.5361071
515,   -6.0026412,  -30.1773148,   11.1830559
516,  -3.77246714,  -18.9654732,   45.4716377
517,  -4.48932123,  -22.5693417,   42.2116852
518,  -5.10039139,  -25.6413975,   38.4277534
519,  -5.59127808,  -28.1092529,   34.2090111
520,  -5.95041418,   -29.914753,   29.6548672
521,  -6.16933823,  -31.0153561,   24.8726273
522,   25.5830917,  -17.0940762,   11.1830559
523,   26.3498001,  -17.6063728,   15.5361071
524,   26.2935505,  -17.5687885,   24.8726273
525,   25.3605022,  -16.9453468,   29.6548672
526,    23.829874,  -15.9226122,   34.2090111
527,   21.7377281,  -14.5246849,   38.4277534
528,   19.1333637,  -12.7845058,   42.2116852
529,   16.0781517,  -10.7430773,   45.4716377
530,   31.0817089,  -6.18253613,   15.5361071
531,   30.1773148,   -6.0026412,   11.1830559
532,   18.9654732,  -3.77246714,   45.4716377
533,   22.5693417,  -4.48932123,   42.2116852
534,   25.6413975,  -5.10039139,   38.4277534
535,   28.1092529,  -5.59127808,   34.2090111
536,    29.914753,  -5.95041418,   29.6548672
537,   31.0153561,  -6.16933823,   24.8726273
538,   30.1773148,    6.0026412,   11.1830559
539,   31.0817089,   6.18253613,   15.5361071
540,   31.0153561,   6.16933823,   24.8726273
541,    29.914753,   5.95041418,   29.6548672
542,   28.1092529,   5.59127808,   34.2090111
543,   25.6413975,   5.10039139,   38.4277534
544,   22.5693417,   4.48932123,   42.2116852
545,   18.9654732,   3.77246714,   45.4716377
546,   30.3017635,   10.2860632,   19.9749851
547,   28.6999283,   14.1532383,   19.9749851
548,   14.1532383,   28.6999283,   19.9749851
549,   10.2860632,   30.3017635,   19.9749851
550,  -10.2860632,   30.3017635,   19.9749851
551,  -14.1532383,   28.6999283,   19.9749851
552,  -28.6999283,   14.1532383,   19.9749851
553,  -30.3017635,   10.2860632,   19.9749851
554,  -30.3017635,  -10.2860632,   19.9749851
555,  -28.6999283,  -14.1532383,   19.9749851
556,  -14.1532383,  -28.6999283,   19.9749851
557,  -10.2860632,  -30.3017635,   19.9749851
558,   3.77246714,  -18.9654732,   45.4716377
559,   4.48932123,  -22.5693417,   42.2116852
560,   5.10039139,  -25.6413975,   38.4277534
561,   5.59127808,  -28.1092529,   34.2090111
562,   5.95041418,   -29.914753,   29.6548672
563,   6.16933823,  -31.0153561,   24.8726273
564,   10.2860632,  -30.3017635,   19.9749851
565,   14.1532383,  -28.6999283,   19.9749851
566,   17.5687885,  -26.2935505,   24.8726273
567,   16.9453468,  -25.3605022,   29.6548672
568,   15.9226122,   -23.829874,   34.2090111
569,   14.5246849,  -21.7377281,   38.4277534
570,   12.7845058,  -19.1333637,   42.2116852
571,   10.7430773,  -16.0781517,   45.4716377
572,   28.6999283,  -14.1532383,   19.9749851
573,   30.3017635,  -10.2860632,   19.9749851
574,    6.0026412,  -30.1773148,   11.1830559
575,   6.18253613,  -31.0817089,   15.5361071
576,   5.39222908,  -27.1085644,   15.4973106
577,   5.18313789,   -26.057394,   11.1348877
578,   3.58755422,  -18.0358524,   41.0898476
579,   4.13578272,  -20.7919846,   38.2667503
580,    4.6003108,  -23.1273251,   35.0734596
581,   4.97173738,  -24.9946117,   31.5746078
582,   5.24254513,  -26.3560524,   27.8409996
583,   5.40725327,  -27.1840973,   23.9481964
584,   14.7603283,  -22.0903912,   11.1348877
585,   15.3557682,  -22.9815311,   15.4973106
586,   15.3985548,  -23.0455666,   23.9481964
587,   14.9295044,  -22.3435822,   27.8409996
588,   14.1583099,  -21.1894073,   31.5746078
589,   13.1005774,  -19.6063995,   35.0734596
590,   11.7777128,  -17.6265926,   38.2667503
591,   10.2164898,  -15.2900581,   41.0898476
592,   17.6063728,  -26.3498001,   15.5361071
593,   17.0940762,  -25.5830917,   11.1830559
594,   10.7151365,  -25.8686275,   19.9749851
595,   6.43534517,  -22.0768242,           4.
596,   11.0601969,  -20.1611481,           4.
597,   7.18361902,   22.6459675,   34.7923965
598,   6.24069881,   20.8149872,   37.6325607
599,   7.97370291,   18.0073853,   39.8786049
600,   6.38307333,   15.2359838,   42.5829735
601,   11.7678671,   23.4321823,    29.795887
602,   10.1633768,   22.2496357,   33.6006737
603,   9.41671276,   20.2309971,   36.8874741
604,  -9.97223949,   23.9667168,   30.4702663
605,  -9.11521053,   22.0278111,   34.6613197
606,  -7.16187859,   18.1313744,    40.073761
607,  -6.82210016,   14.7106247,   42.8016472
608,  -25.3981247,   9.68407154,   26.6946621
609,  -24.2333202,   8.57620335,   31.0743065
610,  -22.2837429,   8.04004955,   34.9012184
611,  -19.2017517,   8.07797909,   38.6843147
612,  -15.6048012,   6.48264551,   42.3013268
613,  -23.5970631,    12.019166,   29.0699406
614,  -20.6555271,   10.7258348,    35.541153
615,   -22.362709,   11.3613043,   32.4180527
616,  -25.0184689,  -11.9567699,    23.862381
617,  -23.6870937,  -12.1489563,   28.6539497
618,  -22.0417328,  -11.1000547,   33.2018814
619,  -26.5207596,  -8.43829823,   23.0481625
620,   -25.742136,  -8.16587067,   27.3682919
621,  -23.9035568,  -8.27684212,   31.9797287
622,  -22.0993042,  -8.34099007,   35.0098991
623,  -20.1591187,  -7.30762672,   37.9807777
624,  -20.4534111,  -10.4000263,   36.0217094
625,  -17.4113102,  -7.92803383,   40.4198494
626,  -15.1236372,  -6.38494635,    42.657753
627,   -4.8079071,  -14.5266228,   43.4241066
628,  -10.7910509,  -25.4414253,   24.4791088
629,  -9.20389748,  -25.3903084,   27.3655529
630,  -8.75509739,  -24.3052864,   30.7731915
631,  -8.99156189,  -21.9676857,   34.8266716
632,   -7.2853775,  -19.2939873,   38.9134445
633,  -6.93352461,  -16.1076336,   41.8031845
634,  -11.9424486,   -23.444931,   29.5516815
635,  -12.5473938,   -24.114399,   26.6875572
636,  -11.4804487,  -22.2790451,   32.4587135
637,     26.40588,  -8.44682598,   23.8968048
638,   25.3437023,  -8.12839508,   28.6713028
639,   22.9907627,  -8.87580872,   33.2657661
640,   19.4825153,  -9.29562092,   37.8081856
641,     15.62045,  -6.65970564,   42.2381783
642,   24.7695503,  -11.7168474,   25.7356167
643,    23.584404,  -11.6891518,   29.5216904
644,   25.5231228,    9.6848135,   26.2019119
645,   24.5474892,   8.54239368,    30.388834
646,   22.5280209,   7.52377367,   34.8033714
647,   15.4846153,   6.43744326,   42.3978767
648,    19.041029,    7.9548049,   38.9001083
649,     23.71278,   11.9925585,   28.8000946
650,   22.5084763,   11.2514658,    32.253952
651,   20.7114639,   10.5914316,   35.5588493
652, -0.320674181,   10.4309292,   45.0299225
653,  0.224353492,  -10.4558992,   45.0299225
654,   1.73441148,   9.34298038,   45.0299225
655,  -1.86180186,  -9.45126534,   45.0299225
656,  -2.19443917,   10.0565243,   45.0299225
657,   2.13000298,  -10.0784693,   45.0299225
658,   8.74682045,  -1.60977876,   45.0299225
659,  -9.62303162,   1.56445026,   45.0299225
660,  -7.44495583,   5.44295073,   45.0299225
661,  -5.50170088,  -7.78495979,   45.0299225
662,   5.37763071,   7.64911652,   45.0299225
663,   7.26029682,  -5.61694098,   45.0299225
664,   7.66673803,   4.68129158,   45.0299225
665,    4.5355916,  -8.14920235,   45.0299225
666,  -4.63717508,    8.0868082,   45.0299225
667,  -7.74036169,   -5.4082365,   45.0299225
668,  0.853566408,  -7.74979496,   45.0299225
669,  -1.10580409,    7.7124567,   45.0299225
670,   4.93846846,  -2.09531951,   45.0299225
671,  -5.08081102,   1.08631682,   45.0299225
672,   4.09647179,   4.04868698,   45.0299225
673,  -4.32916117,  -3.72999406,   45.0299225
674,   9.87141418,   1.51636469,   45.0299225
675,   1.78761637,   6.22951651,   45.0299225
676,   -2.2131865,  -6.62812996,   45.0299225
677,  -8.47030735,  -1.88177586,   45.0299225
678, -0.290565848,   -4.4286375,   45.0299225
679, -0.526335478,   4.98306704,   45.0299225
680,   6.26751232,   1.22814727,   45.0299225
681,   3.18566561,  -5.06797171,   45.0299225
682,  -3.32597518,   4.94787312,   45.0299225
683,   1.79840922,  -2.36244583,   45.0299225
684,  -1.08600402,   2.41296887,   45.0299225
685,   2.30668473,   0.83785069,   45.0299225
686,  -1.11357462,  -1.03065693,   45.0299225
687,    1.3156867,   3.70241785,   45.0299225
688,  -10.3806744,  -25.0578327,   13.0218086
689,  -8.35014534,   -24.522131,   9.34765244
690,  -9.42929363,  -22.7457047,   6.64376831
691,  -11.4492607,  -23.2288227,   9.32903481
692,  -25.5339165,  -9.74524879,   13.8881741
693,  -24.5271339,  -8.95985603,   9.86851501
694,    -22.70998,  -9.59844685,   6.70371342
695,  -23.8360081,  -12.2447624,    11.856452
696,  -22.9270515,  -11.9574041,   9.23390579
697,  -25.4235058,   10.2082138,   14.1924524
698,  -24.1357765,   10.7176113,   10.6692295
699,  -22.4591122,   10.8295774,   7.23494768
700,  -24.2555008,   7.69011211,   8.29025841
701,  -23.8491726,   12.9081526,   13.0038614
702,  -25.4268742,   7.86447954,   11.2787781
703,  -24.2955742,   13.4756269,   16.4918022
704,  -10.0997887,   26.1139431,   20.2122211
705,  -9.17152786,   26.0511513,   15.3684072
706,  -8.27638531,   25.2655315,   11.1912298
707,  -6.99553204,     24.31106,   7.97353029
708,  -13.4644632,   24.5496922,   19.8304634
709,  -12.7599344,   24.6801109,   16.4998989
710,  -12.1487799,   23.8068924,    11.629982
711,  -9.91245079,   23.0079155,   7.46982145
712,  -13.0749559,   24.6020947,   22.7646866
713,   10.8577347,   21.8167553,   6.18590355
714,   9.90868759,   26.1852016,   20.3663464
715,   9.07026482,   26.2209778,   16.2079449
716,   8.60594845,   25.4830036,    12.193326
717,   7.97910452,   24.1080208,   8.17933846
718,   12.1116247,   24.4803944,   13.8090391
719,   12.5413294,   24.9055462,   17.4394627
720,   11.4846439,   23.3710423,   9.68434238
721,   25.7435055,    9.3701086,   14.1894016
722,   24.8131256,   9.13937759,   10.7673473
723,   23.0616741,   7.51851463,   5.98816538
724,   22.9408073,   10.9569397,   8.24191761
725,   23.9682045,   12.0927658,   12.0194693
726,   24.5426846,    12.695178,   15.4484978
727,    24.418539,   7.58204508,   8.56238079
728,   25.0490265,  -11.8466644,   15.9497175
729,   23.9394646,  -12.0193024,   11.8240061
730,   22.3418922,  -12.1816063,   8.29387665
731,   26.5973454,  -7.96519041,   16.3504848
732,   25.5835552,  -8.58793354,   12.5097914
733,   23.7917328,  -8.73159885,   8.07067108
734,    2.1083014,  -19.7002773,           0.
735,   11.0701342,  -17.1241856,           0.
736,     15.06003,  -12.9548731,           0.
737,   19.0270004,  -6.17037201,           0.
738,   19.7243538,   1.65603602,           0.
739,   20.6086197,  -2.39926338,           0.
740,  -19.7692013,  -1.68069327,           0.
741,   -20.622509,   2.38212156,           0.
742,  -19.0443859,   6.14758873,           0.
743,  -15.4380112,    12.780653,           0.
744,  -13.2455292,   16.0600986,           0.
745,  -2.33773661,   19.6883316,           0.
746,   2.32812214,   19.6541748,           0.
747,    6.6135931,   19.6978111,           0.
748,   11.0833521,   17.0320816,           0.
749,    15.145462,   12.5123892,           0.
750,   18.7193813,   7.51524973,           0.
751,  -18.7766075,  -7.49546099,           0.
752,  -15.5267811,  -12.3589439,           0.
753,  -9.62848854,   17.5580826,           0.
754,  -13.1937962,   -15.979291,           0.
755,   -3.8142581,  -19.8563881,           0.
756,  -9.20608521,  -17.5509109,           0.
757,  -18.2713013,   9.97691631,           0.
758,  -6.30817413,   19.7916851,           0.
759,   6.55061626,  -19.7072945,           0.
760,   18.1922283,  -10.0163174,           0.
761, 0.0206614491,   10.5827074,   50.1744194
762,   9.96337509,   2.47269917,     50.28368
763,   5.27774477,  0.451773435,   51.5335236
764,   10.2521219,  0.761432886,   50.2786827
765,    28.710947,   11.8966627,   27.6006622
766,   27.3030109,   11.3299189,   32.2297211
767,   25.1072063,    10.504056,   36.8062935
768,   21.5263596,   9.49696255,   41.6642342
769,   17.8805237,   7.20215321,   45.5174179
770,   14.1033869,   5.69347048,   48.1295395
771,   9.84279251,   4.16732073,   50.1370926
772,   4.97981977,   2.11154151,   51.5145264
773,   8.70693588,   5.52937651,   50.2671509
774,   7.75902414,   6.82657242,   50.2602196
775,   3.95921326,   3.71907759,   51.5105705
776,   6.71027899,   7.87910652,   50.2552071
777,   14.2254305,   27.5330181,   27.9480648
778,    5.3173728,   9.09939384,   50.1896591
779,   2.55217195,   4.98814249,   51.4806175
780,   10.3623228,   28.9860039,   28.7176304
781,   9.49905014,   27.6442204,   32.9967003
782,   8.84103394,   25.5960369,   37.0242958
783,   8.52889824,   22.8142586,   40.7299232
784,   3.58671236,   9.99513245,   50.1616173
785,   1.73899007,   10.3712244,   50.1977196
786,   0.93735677,   5.30535889,   51.5181999
787,  -1.74450994,   10.1919298,   50.2583351
788,  -0.66718477,   5.56001377,   51.4811935
789,  -10.3555679,   28.9730625,    28.768383
790,  -9.28944111,   27.6231346,   33.1912155
791,  -7.85645771,   25.5034351,    37.634285
792,  -3.56604934,   9.65798759,   50.2736092
793,   -14.222188,    27.525589,   27.9794407
794,  -10.0990944,   22.4924564,    40.373455
795,  -5.27907085,   8.74383259,   50.3011589
796,  -2.05858898,   4.69617367,   51.5615044
797,  -6.64847279,   7.77977037,   50.2944984
798,  -7.75349855,   6.84594965,   50.2572594
799,  -3.64135766,   3.71329355,     51.54953
800,  -8.69848061,   5.68300104,   50.2411346
801,  -28.4053574,    11.474247,   29.2203808
802,  -26.3696594,   11.0791531,   34.3239708
803,  -23.8940601,   10.1986208,   38.6581841
804,  -20.8355427,   9.06345654,   42.5079346
805,  -16.8427296,   7.78910542,   46.0451279
806,  -13.8847971,    6.0776844,    48.157856
807,  -9.45221424,   4.07358456,   50.2745132
808,  -5.28820753,   2.58680105,   51.4288139
809,  -9.93063354,   2.32255888,   50.3062935
810,  -10.2216177,  0.749414682,   50.2892876
811,  -5.40781784,  0.390061617,   51.5123177
812,  -10.2020893, -0.716847599,   50.2966499
813,  -10.0501404,  -2.41102552,   50.2599907
814,  -4.88258505,  -1.65507519,   51.5569572
815,  -28.3869381,  -12.6174183,   27.6549911
816,  -27.2461643,  -11.4557047,   32.2392998
817,  -25.0970707,   -10.525816,   36.8078194
818,  -21.5247784,  -9.50017548,   41.6643944
819,  -17.8801632,  -7.20263243,   45.5175362
820,  -14.1156425,  -5.68488026,   48.1251297
821,  -9.99618912,  -4.05906773,    50.101387
822,   -8.8157053,  -5.34333849,   50.2690773
823,  -4.45744228,  -3.21888781,   51.4990997
824,  -7.70376873,  -6.69447613,   50.3037796
825,  -6.62148762,  -7.89808702,   50.2698059
826,  -3.25355649,  -4.24335766,   51.5250778
827,  -14.2254305,  -27.5330181,   27.9480648
828,  -5.31413269,  -9.09235287,   50.1923485
829,  -10.3623228,  -28.9860039,   28.7176304
830,  -9.49905014,  -27.6442223,   32.9967003
831,  -8.84103394,  -25.5960369,   37.0242958
832,  -8.52889729,   -22.814249,   40.7299347
833,  -3.51764345,  -10.0358143,   50.1562462
834,  -2.05135894,  -5.28754091,   51.4683762
835,  -1.66593766,  -10.4347591,   50.1799583
836, 0.00414786115,  -10.7016811,    50.132473
837, -0.154935971,  -5.48843241,   51.5004196
838,   1.65031064,  -10.4663076,    50.169899
839,   10.3560953,  -28.9738159,    28.765276
840,   9.29333401,  -27.6288795,   33.1764603
841,   7.86096334,  -25.5086479,   37.6247482
842,   3.51024747,  -10.0406437,   50.1555023
843,   1.95866489,  -4.77128172,   51.5566025
844,   14.2225571,  -27.5261688,   27.9767933
845,   10.1062965,  -22.4906998,   40.3718262
846,   5.26142693,  -9.12083244,   50.1929893
847,   6.63828707,  -7.93290758,   50.2570267
848,   3.54138231,  -4.26633596,    51.490963
849,   7.69485712,  -6.81854773,   50.2783928
850,   8.67159176,  -5.60936213,   50.2625809
851,   4.57359648,  -2.94258499,   51.5094643
852,   28.4053574,   -11.474247,   29.2203808
853,   26.3696594,  -11.0791531,   34.3239708
854,   23.8940601,  -10.1986208,   38.6581841
855,   20.8355446,  -9.06345463,   42.5079346
856,   16.8427258,  -7.78909731,   46.0451317
857,   13.8847704,  -6.07762909,   48.1578789
858,    9.5167942,  -4.05305243,   50.2570496
859,   9.99736404,  -2.33821297,   50.2831612
860,   5.84494638,  -1.48118174,   51.4017677
861,   10.2772655, -0.767426133,   50.2700157
862, 0.00517831836, -0.128878608,   51.9747238
863,    8.2448349,    8.2448349,    49.775074
864,   -8.2448349,    8.2448349,    49.775074
865,   -8.2448349,   -8.2448349,    49.775074
866,    8.2448349,   -8.2448349,    49.775074
867, -2.26173197e-05,   11.7716084,   49.7311478
868,  -11.6599941,           0.,   49.7750587
869, 8.22570746e-06,  -11.8482304,   49.7007217
870,   11.6599941,           0.,   49.7750587
871,  -7.12579823,  -9.44511509,   49.7073364
872,     11.57903,     1.433599,   49.7721481
873,  -11.5774307,  -1.43659532,    49.772625
874,   7.12837505,   9.45101547,   49.7048454
875,  -1.17202222,   11.6353941,   49.7616234
876,   1.09630334,    -11.75842,   49.7161636
877,  -9.09038067,   7.24514771,   49.7889557
878,   9.09041977,  -7.24706507,    49.788475
879,  -7.12980223,   9.24421692,    49.769455
880,   9.15554428,   7.19154978,   49.7819901
881,  -9.15602684,  -7.15815687,   49.7898788
882,   1.10435379,   11.7513313,   49.7186661
883,   -1.1004101,  -11.7525854,   49.7183151
884,  -11.4797993,   1.39656925,   49.8122749
885,   11.4998074,  -1.40219522,   49.8043022
886,    7.1189146,   -9.4560709,   49.7055054
887,   5.62786293,  -11.9044495,   49.1402245
888,  -12.6931648,   4.43627119,   49.0129433
889,   12.6930847,  -4.43630648,   49.0129738
890,  -5.63117647,  -11.8947058,   49.1435585
891,   5.64057207,   11.8916941,   49.1429749
892,  -4.83221197,   13.2353992,   48.7060471
893,   10.7866096,   5.68955374,   49.5600815
894,  -10.8041534,   -5.6547184,     49.56036
895,  -10.5796003,   5.67008734,   49.6384659
896,   10.5795612,  -5.67010832,   49.6384773
897,   3.66424203,   7.94056034,   50.7568092
898,  -3.59443188,  -7.98298931,   50.7540665
899,  0.639320791,   9.26980114,   50.5962524
900,  0.570861459,  -9.47155476,   50.5358047
901, -0.568735778,   9.21771526,   50.6133614
902,   7.25563288,   5.52438974,   50.6480484
903,  -7.01405907,  -5.07106066,   50.7822456
904,   7.07088566,  -5.32027006,   50.7271767
905,    5.1090827,  -7.13128471,   50.7490311
906,  -5.21619511,   6.90046263,   50.7836685
907,   5.25355053,   7.09340668,   50.7334595
908,  -5.09036589,  -7.16159868,   50.7450943
909,   9.08581543, -0.0963916704,    50.657856
910,  -9.04528141, 0.0760815218,   50.6698875
911,   8.53414154,   1.37289011,   50.7854309
912,   8.75876522,   -1.3846041,   50.7218056
913,   -8.6580143,   1.33197451,   50.7526474
914,   -8.6389122,  -1.28649247,   50.7599487
915,   6.50488472,   6.49644327,   50.6259651
916,  -6.52123451,      6.41292,   50.6400795
917,   -6.3073988,  -6.39654446,   50.6881905
918,    6.3987093,  -6.50862837,   50.6457253
919,   2.00184965,   8.64548111,   50.7198753
920,  -1.85620713,   8.50438404,   50.7683258
921,  -1.89364243,   -8.8022213,   50.6822319
922,   1.85714388,   -8.7625885,   50.6957932
923,   -12.115447,  -3.46754551,   49.3891335
924,   12.0450468,   3.49182558,   49.4151611
925,   2.81819391,  -12.0638685,   49.4795761
926,  -3.20798278,   11.4686127,   49.6764946
927,   -11.284133,   3.34953022,   49.7314796
928,   11.2837353,  -3.34982681,   49.7315979
929,   -12.104475,   6.55383778,   48.8631973
930,   12.1044588,  -6.55378485,   48.8632164
931,  -5.76906157,   10.8418169,   49.5244827
932,   6.68897295,   -15.797513,   46.9878731
933,  -6.64051104,  -15.8023758,   46.9969864
934,   6.64209509,   15.8018847,   46.9968834
935,  -6.54563284,   16.0153866,   46.8945351
936,   -2.8356607,  -12.0413284,   49.4871063
937,   2.83596325,   12.0457506,   49.4852753
938,   -13.254035,     26.62887,    31.774725
939,   13.2556171,  -26.6309643,   31.7682171
940,   13.3456278,   26.6345825,   31.6580181
941,  -13.3456278,  -26.6345825,   31.6580162
942,  -1.90395129,   -6.8915472,   51.1660347
943,   2.14028502,    6.7226243,   51.1875687
944,  -3.51822686,  -6.08896351,   51.1927147
945,    3.8804059,   5.93211699,   51.1799927
946,  -5.12514257,  -5.06092978,     51.15382
947,   5.78453064,   5.09449053,   51.0327606
948,  0.100440919,   7.48489523,   51.0871391
949, -0.0528077595,  -7.93201923,   50.9762802
950,  -7.58821011,  0.131640822,   51.0619888
951,   7.39830971, -0.253201813,   51.1069756
952,   -5.7568841,   4.80424404,   51.0841064
953,   5.21526814,   -5.0877285,     51.13451
954,   8.01547241,  -4.30518484,   50.6542549
955,   -7.7470479,   4.41573143,   50.7074509
956,   -8.2184124,   2.89049411,   50.7662621
957,   8.37147236,  -2.95520449,   50.7188492
958,    3.5515852,  -8.02381992,   50.7484245
959,  -8.17692566,  -3.30454183,   50.7356377
960,   7.79493713,   3.61291766,   50.8000679
961,  -6.80034828,   3.30066228,   51.0693703
962,    1.7725544,  -6.82098627,   51.1892776
963,   3.53683519,   -6.0406723,   51.1999931
964,   7.35595417,  -1.88668919,   51.0608406
965,    1.8495959,    3.4781599,   51.7315788
966, -0.345578969,   3.63129735,   51.7664032
967,  -1.41132855,  -3.68726707,   51.7304916
968,   3.87527394, -0.908102214,   51.7264824
969,   2.45944977,  -2.59362745,   51.7747345
970,  -6.75853395,  -1.50790548,   51.2167587
971,   6.61368418,    1.7243439,    51.236557
972,   5.83582544,   3.25771499,   51.2692413
973,   -3.6899364,   5.75316238,   51.2365494
974,  -1.95481181,    6.6345191,   51.2185745
975,   6.62818623,  -3.40511274,   51.0952721
976,  -2.07617855,   3.01694274,   51.7647247
977,  -3.67635083, -0.431417704,   51.7601738
978,   0.50298208,  -3.33869052,   51.7963638
979,  -3.53535557,   7.73368502,   50.8244781
980,  -6.05987549,  -3.30427337,   51.2217407
981,  0.915207982,   1.60839033,   51.9214325
982,   3.25205278,   1.43691838,   51.7768631
983,  -2.88695717,  -2.15678954,   51.7714272
984,  -1.92721272, -0.233225837,   51.9160461
985,  -1.07299316,   1.51855016,   51.9209175
986,  -0.81103909,  -1.86460578,   51.9103165
987,   1.91008115, -0.343153715,   51.9160843
988,  -3.24599552,   1.50160003,   51.7744942
989,  0.860007167,  -1.62231326,   51.9222603
990,   -6.9475441,   1.78485608,   51.1606522
991,  -29.1911354,   12.5564451,   23.7450314
992,   29.1911354,  -12.5564451,   23.7450314
993,  -12.2938328,   29.2005024,   24.4685688
994,   12.2939348,   -29.200613,   24.4675789
995,  -12.2948132,  -29.2022629,   24.4544334
996,     29.38344,   12.1718702,   23.5047207
997,   12.2948132,   29.2022629,   24.4544334
998,   11.9596281,  -24.9135571,    36.108242
999,  -11.9566603,   24.9115028,   36.1136093
1000,  -7.91625309,  -19.4477444,   44.1228218
1001,   7.91652012,   19.4476624,   44.1228027
1002,  -8.16673088,   19.4336185,   44.0506783
1003,   8.19322681,  -19.3992195,   44.0694084
1004,  -29.0222683,  -12.9904757,   23.5743637
1005,  -30.0419693,  -9.70409012,   25.2009449
1006,  -12.3825893,  -24.9693279,   35.6977119
1007,   12.3825884,    24.969326,   35.6977119
1008,   11.5057554,    23.037178,   38.9725113
1009,  -11.5057554,  -23.0371761,   38.9725151
1010,  -29.8762894,   9.11222553,   26.9301777
1011,   29.8762894,  -9.11222553,   26.9301777
1012,    5.9766798,  -14.1855192,     43.36409
1013,   9.84289551,  -25.6302204,   25.4712772
1014,   8.87492466,  -24.8654861,    29.299324
1015,   8.39861107,  -23.5228748,   32.6295357
1016,   8.37185764,  -21.6514378,   35.6315231
1017,   8.13909531,  -19.3437443,   38.5107536
1018,   7.19519663,  -16.7629147,   41.2172508
1019,   12.2815046,  -24.0264149,   27.4513493
1020,   11.7473192,  -23.1770649,   30.4068642
1021,   11.2397556,  -21.9946365,   33.1622467
1022,   13.4629908,  -13.0749445,           4.
1023,   14.6896477,   12.2280998,           4.
1024,  -13.4629908,   13.0749445,           4.
1025,  -14.6896477,  -12.2280998,           4.
1026,   19.0076618,   1.12497044,           4.
1027,   1.34069717,   19.2312698,           4.
1028,  -19.0076618,  -1.12497044,           4.
1029,  -1.34069717,  -19.2312698,           4.
1030,   9.20186234,  -16.6445446,           4.
1031,  -9.20186234,   16.6445446,           4.
1032,  -18.3381252,    5.4836297,           4.
1033,   18.3381252,   -5.4836297,           4.
1034,   17.2829628,    6.8255558,           4.
1035,  -17.2829628,   -6.8255558,           4.
1036,  -10.3530378,  -16.2236996,           4.
1037,   10.3530378,   16.2236996,           4.
1038,  -3.48872399,   18.3323898,           4.
1039,   3.48872399,  -18.3323898,           4.
1040,  -16.4485416,   10.4559383,           4.
1041,   16.4485416,  -10.4559383,           4.
1042,  -8.39347458,   25.4416485,   2.47435284
1043,  -8.50621128,  -25.4977036,   2.61089778
1044,   8.16397953,  -25.5278683,    2.4913516
1045,   8.27542877,   25.5850677,   2.62789369
1046,   29.2431145,   12.1532993,   15.3774271
1047,   28.5321655,   11.8973684,   11.7064819
1048,   26.8322582,   11.2219267,    6.6296382
1049,   26.2213364,   6.78279734,   2.93282437
1050,    26.225563,  -6.76672554,   2.93293977
1051,   28.7949123,  -13.2770243,   15.6652641
1052,   28.4719524,  -12.3066206,   12.1076431
1053,   26.8556499,  -11.2239971,   6.67852211
1054,   13.8049889,  -25.7753067,   6.97283649
1055,    13.000783,  -23.9216976,   3.16034794
1056,   10.0465174,  -29.4065552,   12.3381004
1057,   9.52750874,  -28.1636581,   8.14134693
1058,   3.56926441,   -26.730135,   2.74825311
1059,  -4.67247105,  -26.4758511,   2.61994815
1060,  -10.3314047,  -29.2893124,   12.2679567
1061,  -9.59727192,  -28.1817112,   8.24112415
1062,  -13.4555063,  -26.2236061,   7.51417446
1063,  -13.4516287,   -24.069294,   3.73544073
1064,  -28.8692379,  -13.1978321,   15.9272327
1065,  -28.6070194,  -12.2156477,   12.4639015
1066,  -26.8855896,  -11.2720079,   6.78002691
1067,  -26.2292023,  -6.78842115,   2.94717503
1068,   -26.225563,   6.76672554,   2.93293977
1069,  -28.7949123,   13.2770243,   15.6652641
1070,  -28.4719524,   12.3066206,   12.1076431
1071,  -26.8556499,   11.2239971,   6.67852211
1072,  -13.8273115,   25.7632618,   6.97268534
1073,  -13.0478935,   23.8964062,   3.16087461
1074,  -10.0525398,   29.4043617,   12.3375816
1075,  -9.57756996,   28.1449146,   8.13716698
1076,  -4.63980484,   26.4623947,   2.59068584
1077,   3.59686971,   26.7424755,   2.77316761
1078,   10.3253231,   29.2916107,   12.2685423
1079,   9.54866314,   28.2000217,   8.24545574
1080,   13.4264135,   26.2388916,   7.51497126
1081,   13.4095669,   24.0924835,   3.73504138
1082,   25.1042366,    13.740696,   5.65819263
1083,  -7.32641506,  -27.3249035,   5.01927376
1084,   7.08550692,   27.4024086,   5.04502773
1085,  -25.1232033,  -13.7713709,   5.72107124
1086,   7.04539776,  -27.3653431,   4.95831347
1087,   25.1144791,   -13.740159,   5.67564821
1088,  -25.1144791,    13.740159,   5.67564821
1089,  -7.28538513,   27.2879505,   4.93201399
1090,  -30.2203484,  -9.21104908,    14.887043
1091,  -12.2766809,  -29.2815762,   15.9909716
1092,   12.2756748,    29.282011,   15.9910641
1093,   23.3093414,   13.7898006,   2.93045545
1094,  -23.3148613,  -13.7970753,   2.94389606
1095,   23.3152237,  -13.7823658,   2.93248749
1096,  -23.3152237,   13.7823658,   2.93248749
1097,   25.5202713,   10.6242743,   3.85541463
1098,   -25.531229,   10.6133432,   3.86556959
1099,    25.531229,  -10.6133432,   3.86556959
1100,  -25.5431366,  -10.6450844,   3.90543699
1101,  -27.4817352,  -8.16079044,   5.75683641
1102,   27.4355049,    8.1335535,   5.65233135
1103,  -27.4541855,   8.14374256,   5.69397879
1104,   27.4541855,  -8.14374256,   5.69397879
1105,  -28.6940994,  -9.56378269,   9.52592945
1106,   28.5403538,   9.47746468,    9.0376215
1107,  -28.5900993,   9.62410069,   9.29870701
1108,   28.5900993,  -9.62410069,   9.29870701
1109,   29.8784065,  -9.71354961,    13.898159
1110,  -29.8784065,   9.71354961,    13.898159
1111,   29.7249565,    9.2077198,   12.5154324
1112,   10.3794127,  -26.3305855,   5.04286861
1113,    10.418314,   26.4796524,   5.33644867
1114,  -10.5352669,  -26.4296837,   5.32984924
1115,  -13.9579697,    28.104044,   13.7030029
1116,   13.9559336,  -28.1050816,   13.7031183
1117,   26.8336697,   13.5710907,   9.03059483
1118,  -26.8215961,   13.6921558,   9.15246582
1119,   26.8215961,  -13.6921558,   9.15246582
1120,   14.1779814,   27.8280926,    13.004899
1121,  -14.1808128,  -27.8266048,   13.0047159
1122,  -26.8748264,  -13.6867905,   9.27846813
1123,  -10.4958048,   26.2808056,   5.03653193
1124,   12.9904938,  -27.6294003,   10.3904514
1125,    -13.00632,   27.6217079,     10.38974
1126,    13.004015,   27.6184769,   10.3773108
1127,  -13.0210705,  -27.6101265,   10.3764095
1128,   27.3721542,  -14.8865547,   12.6841898
1129,  -27.3721542,   14.8865547,   12.6841898
1130,  -11.0401173,   29.7384109,   15.7627678
1131,   11.0384827,  -29.7390366,   15.7628994
1132,  -27.4292336,  -14.8535223,   12.8328533
1133,   27.4990349,   14.5654325,   12.5150089
1134,  -14.2562561,   28.5388908,   17.4668236
1135,   14.2556515,   -28.539196,   17.4668636
1136,   9.74524879,  -25.5339165,   13.8881741
1137,   8.95985603,  -24.5271339,   9.86851501
1138,   9.59844685,    -22.70998,   6.70371342
1139,   12.2447624,  -23.8360081,    11.856452
1140,   11.9574041,  -22.9270515,   9.23390579
1141,   9.23290443,   5.58857536,   48.6791611
1142,   8.71162891,   3.63702679,   48.9181747
1143,   7.08262444,   5.20463753,   49.3764572
1144,  0.204176262,   10.9792213,    46.782608
1145, -0.0323361121,   10.5937595,    48.320179
1146,   1.13039863,   11.0474567,   48.8766937
1147,    10.841177,   5.63393641,   46.9715996
1148,   6.77128792,   3.93096471,   47.3687859
1149,   7.09668875,   2.81120181,   49.1574936
1150,   9.36272526,   2.17679024,   48.7278214
1151,    11.714776,   2.86933374,   47.6200523
1152,   9.87469769,   0.58695519,   47.1718178
1153,   8.49041176,   6.97850418,   47.2184639
1154,   3.51592112,   11.6179428,   47.5532951
1155,  -7.00893927,   3.62561297,   49.5562592
1156,  -8.41028595,   2.52420092,   49.2240334
1157,  -7.46232748,   5.49701977,   49.2566071
1158,  -8.75008488,   6.30150175,   48.5828972
1159,  -5.69180632,   6.11258078,    49.343647
1160,   5.93088245,    6.4095583,   49.6917076
1161,    7.9800663,    7.5235033,   48.9046974
1162, -0.502686024,  -10.8047533,   46.8090935
1163,   1.56992054,  -9.51321411,   46.8931961
1164, 0.0538617708,  -10.5524855,   47.7800903
1165,    4.8468132,   5.67425728,   50.1061478
1166,   5.71206188,   3.52640605,   49.8800163
1167,   7.26223516,   7.40596151,   47.4697151
1168,    3.6283989,   4.94910765,   48.5955811
1169,   4.24774599,   6.84270668,   49.0783119
1170,   5.18134975, -0.271936059,   49.6856422
1171,   8.47183895,  0.350061804,      49.3708
1172,   7.47659445,  0.610814393,   47.3374825
1173,    5.7782979,   1.24376559,   48.5830498
1174,   4.04182339,  -1.16055202,   47.3418388
1175,   3.36809087,    1.3435837,   47.6047363
1176,   4.44304037,   3.28867149,   47.5740738
1177,   3.42512751,  -5.31850863,   49.5422592
1178,   5.15322828,  -4.22450161,   49.3101501
1179,   2.73000431,  -3.71299744,   49.9758339
1180,    2.9549284,  -3.85567641,   47.4877968
1181,   4.48717928,  -5.65154123,   47.3047333
1182,   1.95027065,  -6.58039045,    47.244133
1183,   4.12444162,  -7.41643476,   49.1650276
1184,   6.69292402,  -6.11757326,   49.5166855
1185,   8.36808395,  -4.47114992,   49.3069916
1186,   10.2680807,  -3.92632532,   48.3659363
1187,   8.57476044,  -2.00488257,   49.3744087
1188,   8.52803421,  -2.79428768,   47.3842316
1189,   8.27255154,  -5.69246912,   47.4966125
1190,   7.16338539,  -3.89333057,   49.5607529
1191,   1.19938076,  -6.42184544,    49.529438
1192,  0.526061058,  -4.58254051,   47.4880028
1193,   1.03042185,  -2.19876027,   47.5477676
1194,   3.24651694,  -1.34839761,   49.6991386
1195,   3.49659395,  -8.38714123,   47.2277756
1196,   2.16857529,  -9.01695728,   49.0727882
1197, -0.249108702,  -7.82104874,   47.1245422
1198,  -3.64034057,   4.30076647,   49.7551575
1199,  -2.04366755,   2.90028882,   47.4732628
1200,  -4.72192955,   3.26818562,   49.5821648
1201,  -4.07197285,   4.05024481,   47.4626427
1202,  -3.38779497,   6.03646278,   47.2994614
1203, -0.590134025,   4.28931284,   47.0038986
1204,  -1.59088671,   4.78374434,   49.5678177
1205,  -4.04062891,   7.26954508,   49.3467026
1206,  -6.99413252,   24.9938297,   4.86048365
1207,   7.21200037,  -7.24156666,   46.8550911
1208,   7.21373892,  -7.79260969,   48.9485893
1209,   8.58106232,  -6.98779058,   48.8691444
1210,  -6.24262762,  -8.23559666,   49.0092697
1211,  -7.86553288,  -7.87124777,   49.0702744
1212,  -7.13839483,  -7.33417749,   46.6780434
1213,  -4.03285456,  -7.31650543,   49.4465904
1214,  -4.35754108,  -8.85202217,   47.9288101
1215,  -5.59278584,  -7.23823309,   47.4212036
1216,  -6.58681965,  -10.6010141,   47.5003777
1217,   -5.4918685,   1.59180343,   50.0711365
1218,  -4.20488119,  -1.00672531,   50.0695343
1219,  -4.50549412,  0.464603394,    47.786869
1220,  -3.28441715,  0.614505172,   50.1073799
1221,  -6.79808807,  0.648714483,   47.4729767
1222,  -6.57566404,  -1.74932885,   49.6664581
1223,  -8.40328884,   0.31867817,   49.5572815
1224,  -7.63030243,  -3.89484644,   49.2941666
1225,     -6.05021,  -6.50645161,   49.6259155
1226,   -7.4815793,  -5.97034597,   47.8138084
1227,  -7.32776833,  -2.44257498,   47.3549843
1228,  -5.16197109,  -4.75214624,   47.6261177
1229,  -9.14969444,  -1.09064531,   49.4427261
1230,  -10.8232231, -0.251089036,    48.940094
1231,  -9.34769535,  0.892473459,    47.644001
1232,  -7.76100016,   7.90479803,   49.0562706
1233,  -6.48819637,   9.43201637,   48.4826279
1234,  -6.56161118,   10.9473686,   47.1285973
1235,  -6.27189589,   8.11756229,   47.0438995
1236,  -7.54703712,   7.58542156,   47.5085182
1237,  -4.59939909,   10.5848618,   48.0538063
1238,   -10.155468,   2.46219563,   48.6143608
1239,  -10.1616621, 0.0345267765,   46.9120712
1240,  -12.0500669,   3.56558394,   47.5842628
1241,  -7.20763493,   4.49206066,   47.4350853
1242,  -10.1643457,   4.83060551,    48.317318
1243,   3.29700541,   3.30964136,   49.7728653
1244,   1.99922729,   4.72600937,   49.9346313
1245,   4.49258423,   1.39611995,   50.0126305
1246,   1.04168475,   2.26971078,   49.7450142
1247,  0.444673121,  -9.66364002,   48.8263969
1248,   1.95505679,  -11.0354681,    48.600647
1249,   2.76865053,  -12.1822052,   47.2870407
1250,   4.93709087,  -10.3405552,   47.7346268
1251, -0.812557876,  -1.14963055,   49.9128838
1252, -0.955788434,  -2.87694955,   50.2313881
1253,   1.42676544,  -1.41819322,   50.6461716
1254, -0.308709055,  0.602297783,   49.9770164
1255,   6.69136047,  -2.03855205,   50.0122185
1256,   10.5137205,  -1.60075259,     48.19981
1257,    10.367137,  0.300367057,   49.1133308
1258,    3.0991869,   6.55642843,   47.1882477
1259,   1.85794532,   4.61749172,   46.8908653
1260,   1.89290857,   6.88705969,   49.7590637
1261,   5.08386517,   5.05221176,   47.3241692
1262,  -7.54666424,   6.70942545,   46.8950768
1263,  -10.9484329,   6.24547291,   47.8303032
1264, -0.295957953,  -11.2156496,   49.0206757
1265,   12.0767756,  -2.00859714,   47.1563148
1266,   11.7926874, -0.431969643,   47.8018456
1267,   12.5768661,  -3.91465378,   47.1481857
1268,  -10.9295502,  -2.23096943,   48.1319313
1269,  -13.3940353,  -3.30774045,    46.610569
1270,  -10.1636429, -0.589185536,   47.0383759
1271,  -9.86412144,  -4.25696898,   48.4587364
1272,   11.0286455,  0.413178355,   46.4085922
1273,   6.63178396,   8.12296772,   48.9838371
1274,   3.10280633,   8.34855843,   49.0907211
1275,    6.2719593,   10.5811472,   47.5579605
1276,   5.71560192,   7.24813032,   47.4851913
1277,   -1.4758569,   10.6050539,     48.54533
1278,  -3.75575519,   10.0037327,     46.86306
1279,  -4.15679359,   12.4683247,   46.9365196
1280,  -1.30854499,   10.9021749,   46.8799171
1281,  -24.5149269,  -7.56580877,    4.9701438
1282,    11.314559, 0.0712600872,   47.6258316
1283,  -26.4458466,  -7.28399849,   8.42818737
1284,   13.8779144,   24.9827576,   10.8798494
1285,  -2.81759906,   9.01208401,   48.7202339
1286,  -1.70388842,   6.95310497,   49.3895378
1287, -0.815728784,   8.29186344,   49.5512657
1288,  -4.97460175,   7.54313993,   48.2046204
1289,   6.80322742,  -26.0028172,   6.59771633
1290,  -8.57503414,   28.6860523,   22.7790833
1291,  -14.2786627,  -25.9074879,   16.9486771
1292,   -1.0025425,  -10.3659859,   48.4775314
1293,   27.6798382,   8.90790844,   11.4681587
1294,   25.7878418,    10.000042,   8.48704529
1295,  -4.23417711,  -3.15827131,   50.1266403
1296,   28.4048843,    8.2558918,   17.3483219
1297,   26.0770416,   13.6819773,   24.7925243
1298,  -3.00011086,  -11.3567886,   47.6558571
1299,  -1.53951323,  -4.35856104,   47.5477371
1300,  -1.39622712,  -6.21942329,   49.7839928
1301,  0.228289455,  -3.70025444,   49.7207718
1302,  -3.67579985,  -5.24624443,   49.4587822
1303,  -1.89794481,  -2.19069219,   47.7308311
1304,  -2.08495688,  -3.81847477,   50.2586937
1305,    -2.295717,  -6.24520731,   47.7141953
1306,   2.17164683,  0.117446594,   50.3867531
1307,   1.73358548, -0.136737943,   47.7603111
1308,    8.5451622,   28.6626606,   22.7852859
1309,  -8.43979645,  -25.4830971,   6.95257998
1310,  -10.6332073,  -25.8460693,   9.30562305
1311,  -9.59776878,  -22.6220417,    3.7548449
1312,  -12.8301697,  -23.2561913,   6.91591835
1313,   13.9118538,  -26.1099339,   22.4817829
1314,   6.31205034,  -2.45691729,    47.312233
1315,   10.8945227,  -6.38864422,   47.5464592
1316, -0.941493571,  -8.55548096,    49.106102
1317,  -2.88960934,  -8.36368275,   49.3779755
1318,  -2.60444593,  -8.91608334,   47.1446877
1319,  -9.72504997,   22.9687424,   3.98991275
1320, -0.620561242,     1.545982,   47.5078278
1321,  0.175523013,   3.65360761,   49.6533165
1322,  -7.17612028,   -27.329895,   30.6095047
1323,  -1.92313743,   2.39391208,   50.2396851
1324,   9.59223652,  -23.3819847,   4.47768068
1325,  -24.9327774,  -7.29958344,   34.9538612
1326,  0.485795707,   8.31843662,     49.48526
1327, 0.0761493966,   9.63780403,   49.0331345
1328,   2.72501969,   9.63790703,   47.8664169
1329,   1.33701956,   7.42254257,   47.2141762
1330, -0.0979687348,   6.69293213,   49.1697006
1331,  -0.97675848,   8.39772129,   47.1675797
1332,  -8.29239082,   28.6015434,   17.1490002
1333,   -25.859333,  -14.5356379,   21.8198166
1334,  -26.1270542,  -14.3550148,   17.9135418
1335,  -28.7191544,   9.05551624,   17.1909237
1336,  -26.4613571,   13.1236992,   14.1514521
1337,   14.1507874,  -4.55843925,    45.895359
1338,   28.3247585,    8.7461319,   24.0218353
1339,  0.619196057,   5.46158838,    49.621685
1340,   24.9946861,   9.79135704,   5.96806669
1341,   6.55015802,   -7.8486743,   47.3697701
1342,   24.4902935,  -11.7340593,   5.39756155
1343,  -12.9743328,   6.71346569,   45.6643944
1344,  -14.4229889,   4.97571325,   45.8027687
1345,   8.40639687,  -28.4576187,   17.6170483
1346,   13.2853003,  -6.92112637,    45.538208
1347, 0.0289628059,   10.0080423,   47.0572128
1348,   11.6715422,  -22.5913734,   36.6974182
1349,   26.5195408,   11.9140072,   13.5963726
1350,   -9.8827858,   -7.0134201,   47.1429482
1351,   -12.604023,  -6.07955408,   46.1026459
1352,   9.59713364,   23.4976692,   4.44276142
1353,  -26.9369965,   10.0674286,   11.6898279
1354,   6.67122364,  -10.3362446,   47.5793991
1355,  -24.9276657,   7.77389812,   5.24584198
1356,   -11.307436,   25.2308903,   8.95251751
1357,  -19.4921951,   -6.4979353,   42.1740456
1358,  -13.9199619,   25.5085411,   24.6412067
1359,   -8.3609724,  -28.3381443,   17.2697563
1360,   13.6500139,   6.30035877,   45.7061844
1, -7.65404223e-16,           0.,   45.0299225
