5.308356,26.686909,26.580305
15.236653,22.803263,25.619059
8.448504,12.644080,43.485619
7.957568,10.680975,44.604111
8.824930,8.852717,45.029922
0.019649,12.499985,45.029922
1.925740,13.179440,44.604111
2.966720,14.914710,43.485619
-15.236653,22.803263,25.619059
-5.308356,26.686909,26.580305
-2.966720,14.914710,43.485619
-1.925742,13.179438,44.604111
-0.019649,12.499985,45.029922
-8.824930,8.852717,45.029922
-7.957570,10.680975,44.604111
-8.448504,12.644080,43.485619
-27.460852,5.462303,20.229660
-23.273342,15.550751,20.700029
-12.644080,8.448504,43.485619
-10.680975,7.957564,44.604111
-8.852717,8.824930,45.029922
-12.499985,0.019649,45.029922
-13.179441,1.925738,44.604111
-14.914710,2.966720,43.485619
-12.644080,-8.448504,43.485619
-23.281149,-15.555966,19.974985
-27.461988,-5.462529,19.974985
-14.914710,-2.966720,43.485619
-13.179440,-1.925740,44.604111
-12.499985,-0.019649,45.029922
-8.852717,-8.824930,45.029922
-10.680975,-7.957567,44.604111
-2.966720,-14.914710,43.485619
-5.462529,-27.461988,19.974985
-15.555966,-23.281149,19.974985
-8.448504,-12.644080,43.485619
-7.957568,-10.680975,44.604111
-8.824930,-8.852717,45.029922
-0.019649,-12.499985,45.029922
-1.925740,-13.179440,44.604111
14.914710,-2.966720,43.485619
27.461988,-5.462529,19.974985
23.281149,-15.555966,19.974985
12.644080,-8.448504,43.485619
10.680975,-7.957564,44.604111
8.852717,-8.824930,45.029922
12.499985,-0.019649,45.029922
13.179441,-1.925738,44.604111
23.273342,15.550751,20.700029
27.460852,5.462303,20.229660
14.914710,2.966720,43.485619
13.179440,1.925740,44.604111
12.499985,0.019649,45.029922
8.852717,8.824930,45.029922
10.680975,7.957567,44.604111
12.644080,8.448504,43.485619
13.179456,1.925722,49.071266
14.914710,2.966720,48.130802
12.499985,0.019649,49.432583
12.499985,-0.019649,49.432583
13.179456,-1.925723,49.071266
14.914710,-2.966720,48.130802
10.680973,-7.957591,49.071266
12.644080,-8.448504,48.130802
8.852717,-8.824930,49.432583
8.824930,-8.852717,49.432583
8.824930,-8.852717,45.029922
0.019649,-12.499985,45.029922
0.019649,-12.499985,49.432583
-0.019649,-12.499985,49.432583
-1.925723,-13.179456,49.071266
-2.966720,-14.914710,48.130802
-7.957591,-10.680973,49.071266
-8.448504,-12.644080,48.130802
-8.824930,-8.852717,49.432583
-8.852717,-8.824930,49.432583
-10.680974,-7.957591,49.071266
-12.644080,-8.448504,48.130802
-13.179456,-1.925722,49.071266
-14.914710,-2.966720,48.130802
-12.499985,-0.019649,49.432583
-12.499985,0.019649,49.432583
-13.179456,1.925723,49.071266
-14.914710,2.966720,48.130802
-10.680973,7.957591,49.071266
-12.644080,8.448504,48.130802
-8.852717,8.824930,49.432583
-8.824930,8.852717,49.432583
-7.957591,10.680974,49.071266
-8.448504,12.644080,48.130802
-1.925722,13.179456,49.071266
-2.966720,14.914710,48.130802
-0.019649,12.499985,49.432583
0.019649,12.499985,49.432583
1.925723,13.179456,49.071266
2.966720,14.914710,48.130802
7.957591,10.680973,49.071266
8.448504,12.644080,48.130802
8.824930,8.852717,49.432583
8.852717,8.824930,49.432583
10.680974,7.957591,49.071266
12.644080,8.448504,48.130802
8.448504,-12.644080,43.485619
7.957591,-10.680972,44.604111
7.957591,-10.680974,49.071266
8.448504,-12.644080,48.130802
1.925721,-13.179455,44.604111
1.925722,-13.179456,49.071266
2.966720,-14.914710,43.485619
2.966720,-14.914710,48.130802
0.000000,-15.000000,4.000000
0.000000,15.000000,4.000000
0.000000,15.000000,0.000000
0.000000,-15.000000,0.000000
-4.840638,-24.335529,7.000000
-3.735626,-23.284044,4.878680
-1.505532,-22.946312,4.000000
-15.160921,-17.290064,4.000000
-13.822824,-19.105785,4.878678
-13.784970,-20.630667,7.000000
-20.630667,-13.784970,7.000000
-19.105793,-13.822818,4.878680
-17.290064,-15.160921,4.000000
-22.946312,-1.505532,4.000000
-23.284046,-3.735615,4.878680
-24.335529,-4.840638,7.000000
-20.630667,13.784970,7.000000
-24.335529,4.840638,7.000000
-23.284048,3.735621,4.878684
-22.946312,1.505532,4.000000
-17.290064,15.160921,4.000000
-19.105785,13.822822,4.878675
-4.840638,24.335529,7.000000
-13.784970,20.630667,7.000000
-13.822821,19.105791,4.878682
-15.160921,17.290064,4.000000
-1.505532,22.946312,4.000000
-3.735620,23.284042,4.878676
13.784970,20.630667,7.000000
4.840638,24.335529,7.000000
3.735626,23.284044,4.878680
1.505532,22.946312,4.000000
15.160921,17.290064,4.000000
13.822824,19.105785,4.878678
24.335529,4.840638,7.000000
20.630667,13.784970,7.000000
19.105793,13.822818,4.878680
17.290064,15.160921,4.000000
22.946312,1.505532,4.000000
23.284046,3.735615,4.878680
24.335529,-4.840638,7.000000
23.284046,-3.735621,4.878684
22.946312,-1.505532,4.000000
17.290064,-15.160921,4.000000
19.105785,-13.822822,4.878675
20.630667,-13.784970,7.000000
0.000000,-25.000000,0.000000
0.000000,25.000000,0.000000
24.321726,16.251259,7.000000
26.607027,17.778248,19.974985
22.960602,16.398554,4.878686
21.252306,17.808407,4.000000
16.398556,22.960600,4.878685
17.808407,21.252306,4.000000
16.251259,24.321726,7.000000
17.778248,26.607027,19.974985
5.706683,28.689432,7.000000
6.242890,31.385128,19.974985
4.640068,27.831125,4.878686
2.435205,27.620094,4.000000
-4.640066,27.831125,4.878685
-2.435205,27.620094,4.000000
-5.706683,28.689432,7.000000
-6.242890,31.385128,19.974985
-16.251259,24.321726,7.000000
-17.778248,26.607027,19.974985
-16.398554,22.960600,4.878686
-17.808407,21.252306,4.000000
-22.960600,16.398556,4.878685
-21.252306,17.808407,4.000000
-24.321726,16.251259,7.000000
-26.607027,17.778248,19.974985
-28.689432,5.706683,7.000000
-31.385128,6.242890,19.974985
-27.831125,4.640068,4.878686
-27.620094,2.435205,4.000000
-27.831125,-4.640066,4.878685
-27.620094,-2.435205,4.000000
-28.689432,-5.706683,7.000000
-31.385128,-6.242890,19.974985
-24.321726,-16.251259,7.000000
-26.607027,-17.778248,19.974985
-22.960600,-16.398554,4.878686
-21.252306,-17.808407,4.000000
-16.398556,-22.960600,4.878685
-17.808407,-21.252306,4.000000
-16.251259,-24.321726,7.000000
-17.778248,-26.607027,19.974985
-5.706683,-28.689432,7.000000
-6.242890,-31.385128,19.974985
-4.640068,-27.831125,4.878686
-2.435205,-27.620094,4.000000
22.960600,-16.398556,4.878685
21.252306,-17.808407,4.000000
24.321726,-16.251259,7.000000
26.607027,-17.778248,19.974985
28.689432,-5.706683,7.000000
31.385128,-6.242890,19.974985
27.831125,-4.640068,4.878686
27.620094,-2.435205,4.000000
27.831125,4.640066,4.878685
27.620094,2.435205,4.000000
28.689432,5.706683,7.000000
31.385128,6.242890,19.974985
6.242890,-31.385128,19.974985
17.778248,-26.607027,19.974985
4.840638,-24.335529,7.000000
5.706683,-28.689432,7.000000
5.462529,-27.461988,19.974985
3.735591,-23.284048,4.878680
4.640066,-27.831125,4.878685
1.505532,-22.946312,4.000000
2.435205,-27.620094,4.000000
16.251259,-24.321726,7.000000
13.784970,-20.630667,7.000000
15.555966,-23.281149,19.974985
15.160921,-17.290064,4.000000
17.808407,-21.252306,4.000000
16.398542,-22.960604,4.878677
13.822840,-19.105787,4.878695
10.465468,25.209909,26.214731
14.689944,21.985054,29.187090
13.886550,20.782690,32.594154
12.840509,19.217180,35.780720
11.570101,17.315880,38.691101
10.097522,15.112010,41.274448
4.783543,11.548494,45.029922
3.625800,18.228130,40.917499
4.201596,21.122850,37.868328
4.680882,23.532383,34.408150
5.052649,25.401379,30.616446
-10.465468,25.209909,26.214731
-5.052649,25.401379,30.616446
-4.680882,23.532383,34.408150
-4.201596,21.122850,37.868328
-3.625800,18.228130,40.917499
-4.783543,11.548494,45.029922
-10.407023,15.575211,40.786198
-12.103851,18.114695,37.563465
-13.496320,20.198669,33.898457
-14.549414,21.774736,29.883333
-25.864824,10.712675,20.474457
-22.872273,15.282764,25.199566
-21.873766,14.615583,29.562635
-20.303905,13.566636,33.675270
-18.203695,12.163320,37.430046
-15.627994,10.442291,40.728886
-11.548494,4.783543,45.029922
-18.491404,3.678169,40.676170
-21.568264,4.290195,37.307156
-24.062124,4.786254,33.469647
-25.905575,5.152939,29.267370
-27.048784,5.380338,24.813915
-15.290058,-10.216490,41.089848
-17.626593,-11.777713,38.266750
-19.606399,-13.100577,35.073460
-21.189407,-14.158310,31.574608
-22.343582,-14.929504,27.841000
-23.045567,-15.398555,23.948196
-25.868627,-10.715136,19.974985
-27.184097,-5.407253,23.948196
-26.356052,-5.242545,27.841000
-24.994612,-4.971737,31.574608
-23.127325,-4.600311,35.073460
-20.791985,-4.135783,38.266750
-18.035852,-3.587554,41.089848
-11.548494,-4.783543,45.029922
-3.587554,-18.035852,41.089848
-4.135783,-20.791985,38.266750
-4.600311,-23.127325,35.073460
-4.971737,-24.994612,31.574608
-5.242545,-26.356052,27.841000
-5.407253,-27.184097,23.948196
-10.715136,-25.868627,19.974985
-15.398555,-23.045567,23.948196
-14.929504,-22.343582,27.841000
-14.158310,-21.189407,31.574608
-13.100577,-19.606399,35.073460
-11.777713,-17.626593,38.266750
-10.216490,-15.290058,41.089848
-4.783543,-11.548494,45.029922
18.522161,-3.684287,40.647564
21.619705,-4.300426,37.240402
24.122068,-4.798178,33.357933
25.960363,-5.163837,29.107037
27.083981,-5.387339,24.604738
25.868627,-10.715136,19.974985
23.045567,-15.398555,23.948196
22.343582,-14.929504,27.841000
21.189407,-14.158310,31.574608
19.606399,-13.100577,35.073460
17.626593,-11.777713,38.266750
15.290058,-10.216490,41.089848
11.548494,-4.783543,45.029922
25.864824,10.712675,20.474457
27.152891,5.401046,24.164162
26.305374,5.232464,28.015419
24.935143,4.959908,31.706905
23.069424,4.588794,35.165268
20.745291,4.126495,38.321781
18.008928,3.582199,41.113724
11.548494,4.783543,45.029922
15.627994,10.442291,40.728886
18.203695,12.163320,37.430046
20.303905,13.566636,33.675270
21.873766,14.615583,29.562635
22.872273,15.282764,25.199566
4.783543,-11.548494,45.029922
5.130302,-14.095389,4.000000
9.641814,-11.490666,4.000000
12.990381,-7.500000,4.000000
14.772117,-2.604723,4.000000
14.772117,2.604723,4.000000
12.990381,7.500000,4.000000
9.641814,11.490666,4.000000
5.130302,14.095389,4.000000
5.130302,14.095389,0.000000
9.641814,11.490666,0.000000
12.990381,7.500000,0.000000
14.772117,2.604723,0.000000
14.772117,-2.604723,0.000000
12.990381,-7.500000,0.000000
9.641814,-11.490666,0.000000
5.130302,-14.095389,0.000000
-5.130302,14.095389,4.000000
-9.641814,11.490666,4.000000
-12.990381,7.500000,4.000000
-14.772117,2.604723,4.000000
-14.772117,-2.604723,4.000000
-12.990381,-7.500000,4.000000
-9.641814,-11.490666,4.000000
-5.130302,-14.095389,4.000000
-5.130302,-14.095389,0.000000
-9.641814,-11.490666,0.000000
-12.990381,-7.500000,0.000000
-14.772117,-2.604723,0.000000
-14.772117,2.604723,0.000000
-12.990381,7.500000,0.000000
-9.641814,11.490666,0.000000
-5.130302,14.095389,0.000000
-5.392229,-27.108564,15.497311
-5.183138,-26.057394,11.134888
-6.435345,-22.076824,4.000000
-11.060197,-20.161148,4.000000
-14.760328,-22.090391,11.134888
-15.355768,-22.981531,15.497311
-22.981531,-15.355768,15.497311
-22.090391,-14.760328,11.134888
-20.161148,-11.060197,4.000000
-22.076824,-6.435345,4.000000
-26.057394,-5.183138,11.134888
-27.108564,-5.392229,15.497311
-21.830376,14.586591,10.245335
-22.678846,15.153522,13.647213
-23.162430,15.476641,17.150902
-27.284878,5.427300,16.800100
-26.698444,5.310651,13.418302
-25.710373,5.114111,10.135139
-22.076824,6.435345,4.000000
-20.161148,11.060197,4.000000
-5.153773,25.909767,10.694760
-5.360234,26.947716,14.581607
-5.455746,27.427889,18.580088
-5.438334,27.340349,22.607441
-15.522090,23.230450,21.821863
-15.516830,23.222578,17.990080
-15.220974,22.779797,14.195469
-14.640060,21.910398,10.509096
-11.060197,20.161148,4.000000
-6.435345,22.076824,4.000000
14.811507,22.166988,11.416719
15.405007,23.055224,16.083654
15.548118,23.269402,20.864357
5.438334,27.340349,22.607441
5.455746,27.427889,18.580088
5.360234,26.947716,14.581607
5.153773,25.909767,10.694760
6.435345,22.076824,4.000000
11.060197,20.161148,4.000000
26.083561,5.188343,11.215479
27.134697,5.397427,15.664993
23.162430,15.476641,17.150902
22.678846,15.153522,13.647213
21.830376,14.586591,10.245335
20.161148,11.060197,4.000000
22.076824,6.435345,4.000000
27.263001,-5.422948,16.610397
26.668922,-5.304779,13.294571
25.688362,-5.109733,10.075555
22.076824,-6.435345,4.000000
20.161148,-11.060197,4.000000
22.090391,-14.760328,11.134888
22.981531,-15.355768,15.497311
-4.877258,-24.519632,0.000000
-9.567086,-23.096989,0.000000
-13.889256,-20.786741,0.000000
-17.677670,-17.677670,0.000000
-20.786741,-13.889256,0.000000
-23.096989,-9.567086,0.000000
-24.519632,-4.877258,0.000000
-25.000000,0.000000,0.000000
-24.519632,4.877258,0.000000
-23.096989,9.567086,0.000000
-20.786741,13.889256,0.000000
-17.677670,17.677670,0.000000
-13.889256,20.786741,0.000000
-9.567086,23.096989,0.000000
-4.877258,24.519632,0.000000
4.877258,24.519632,0.000000
9.567086,23.096989,0.000000
13.889256,20.786741,0.000000
17.677670,17.677670,0.000000
20.786741,13.889256,0.000000
23.096989,9.567086,0.000000
24.519632,4.877258,0.000000
25.000000,0.000000,0.000000
24.519632,-4.877258,0.000000
23.096989,-9.567086,0.000000
20.786741,-13.889256,0.000000
17.677670,-17.677670,0.000000
13.889256,-20.786741,0.000000
9.567086,-23.096989,0.000000
4.877258,-24.519632,0.000000
26.349800,17.606373,15.536107
25.583092,17.094076,11.183056
16.078152,10.743077,45.471638
19.133364,12.784506,42.211685
21.737728,14.524685,38.427753
23.829874,15.922612,34.209011
25.360502,16.945347,29.654867
26.293550,17.568789,24.872627
17.094076,25.583092,11.183056
17.606373,26.349800,15.536107
17.568789,26.293550,24.872627
16.945347,25.360502,29.654867
15.922612,23.829874,34.209011
14.524685,21.737728,38.427753
12.784506,19.133364,42.211685
10.743077,16.078152,45.471638
6.182536,31.081709,15.536107
6.002641,30.177315,11.183056
3.772467,18.965473,45.471638
4.489321,22.569342,42.211685
5.100391,25.641398,38.427753
5.591278,28.109253,34.209011
5.950414,29.914753,29.654867
6.169338,31.015356,24.872627
-6.002641,30.177315,11.183056
-6.182536,31.081709,15.536107
-6.169338,31.015356,24.872627
-5.950414,29.914753,29.654867
-5.591278,28.109253,34.209011
-5.100391,25.641398,38.427753
-4.489321,22.569342,42.211685
-3.772467,18.965473,45.471638
-17.606373,26.349800,15.536107
-17.094076,25.583092,11.183056
-10.743077,16.078152,45.471638
-12.784506,19.133364,42.211685
-14.524685,21.737728,38.427753
-15.922612,23.829874,34.209011
-16.945347,25.360502,29.654867
-17.568789,26.293550,24.872627
-25.583092,17.094076,11.183056
-26.349800,17.606373,15.536107
-26.293550,17.568789,24.872627
-25.360502,16.945347,29.654867
-23.829874,15.922612,34.209011
-21.737728,14.524685,38.427753
-19.133364,12.784506,42.211685
-16.078152,10.743077,45.471638
-31.081709,6.182536,15.536107
-30.177315,6.002641,11.183056
-18.965473,3.772467,45.471638
-22.569342,4.489321,42.211685
-25.641398,5.100391,38.427753
-28.109253,5.591278,34.209011
-29.914753,5.950414,29.654867
-31.015356,6.169338,24.872627
-30.177315,-6.002641,11.183056
-31.081709,-6.182536,15.536107
-31.015356,-6.169338,24.872627
-29.914753,-5.950414,29.654867
-28.109253,-5.591278,34.209011
-25.641398,-5.100391,38.427753
-22.569342,-4.489321,42.211685
-18.965473,-3.772467,45.471638
-26.349800,-17.606373,15.536107
-25.583092,-17.094076,11.183056
-16.078152,-10.743077,45.471638
-19.133364,-12.784506,42.211685
-21.737728,-14.524685,38.427753
-23.829874,-15.922612,34.209011
-25.360502,-16.945347,29.654867
-26.293550,-17.568789,24.872627
-17.094076,-25.583092,11.183056
-17.606373,-26.349800,15.536107
-17.568789,-26.293550,24.872627
-16.945347,-25.360502,29.654867
-15.922612,-23.829874,34.209011
-14.524685,-21.737728,38.427753
-12.784506,-19.133364,42.211685
-10.743077,-16.078152,45.471638
-6.182536,-31.081709,15.536107
-6.002641,-30.177315,11.183056
-3.772467,-18.965473,45.471638
-4.489321,-22.569342,42.211685
-5.100391,-25.641398,38.427753
-5.591278,-28.109253,34.209011
-5.950414,-29.914753,29.654867
-6.169338,-31.015356,24.872627
25.583092,-17.094076,11.183056
26.349800,-17.606373,15.536107
26.293550,-17.568789,24.872627
25.360502,-16.945347,29.654867
23.829874,-15.922612,34.209011
21.737728,-14.524685,38.427753
19.133364,-12.784506,42.211685
16.078152,-10.743077,45.471638
31.081709,-6.182536,15.536107
30.177315,-6.002641,11.183056
18.965473,-3.772467,45.471638
22.569342,-4.489321,42.211685
25.641398,-5.100391,38.427753
28.109253,-5.591278,34.209011
29.914753,-5.950414,29.654867
31.015356,-6.169338,24.872627
30.177315,6.002641,11.183056
31.081709,6.182536,15.536107
31.015356,6.169338,24.872627
29.914753,5.950414,29.654867
28.109253,5.591278,34.209011
25.641398,5.100391,38.427753
22.569342,4.489321,42.211685
18.965473,3.772467,45.471638
30.301763,10.286063,19.974985
28.699928,14.153238,19.974985
14.153238,28.699928,19.974985
10.286063,30.301763,19.974985
-10.286063,30.301763,19.974985
-14.153238,28.699928,19.974985
-28.699928,14.153238,19.974985
-30.301763,10.286063,19.974985
-30.301763,-10.286063,19.974985
-28.699928,-14.153238,19.974985
-14.153238,-28.699928,19.974985
-10.286063,-30.301763,19.974985
3.772467,-18.965473,45.471638
4.489321,-22.569342,42.211685
5.100391,-25.641398,38.427753
5.591278,-28.109253,34.209011
5.950414,-29.914753,29.654867
6.169338,-31.015356,24.872627
10.286063,-30.301763,19.974985
14.153238,-28.699928,19.974985
17.568789,-26.293550,24.872627
16.945347,-25.360502,29.654867
15.922612,-23.829874,34.209011
14.524685,-21.737728,38.427753
12.784506,-19.133364,42.211685
10.743077,-16.078152,45.471638
28.699928,-14.153238,19.974985
30.301763,-10.286063,19.974985
6.002641,-30.177315,11.183056
6.182536,-31.081709,15.536107
5.392229,-27.108564,15.497311
5.183138,-26.057394,11.134888
3.587554,-18.035852,41.089848
4.135783,-20.791985,38.266750
4.600311,-23.127325,35.073460
4.971737,-24.994612,31.574608
5.242545,-26.356052,27.841000
5.407253,-27.184097,23.948196
14.760328,-22.090391,11.134888
15.355768,-22.981531,15.497311
15.398555,-23.045567,23.948196
14.929504,-22.343582,27.841000
14.158310,-21.189407,31.574608
13.100577,-19.606399,35.073460
11.777713,-17.626593,38.266750
10.216490,-15.290058,41.089848
17.606373,-26.349800,15.536107
17.094076,-25.583092,11.183056
10.715136,-25.868627,19.974985
6.435345,-22.076824,4.000000
11.060197,-20.161148,4.000000
7.183619,22.645968,34.792397
6.240699,20.814987,37.632561
7.973703,18.007385,39.878605
6.383073,15.235984,42.582974
11.767867,23.432182,29.795887
10.163377,22.249636,33.600674
9.416713,20.230997,36.887474
-9.972239,23.966717,30.470266
-9.115211,22.027811,34.661320
-7.161879,18.131374,40.073761
-6.822100,14.710625,42.801647
-25.398125,9.684072,26.694662
-24.233320,8.576203,31.074306
-22.283743,8.040050,34.901218
-19.201752,8.077979,38.684315
-15.604801,6.482646,42.301327
-23.597063,12.019166,29.069941
-20.655527,10.725835,35.541153
-22.362709,11.361304,32.418053
-25.018469,-11.956770,23.862381
-23.687094,-12.148956,28.653950
-22.041733,-11.100055,33.201881
-26.520760,-8.438298,23.048163
-25.742136,-8.165871,27.368292
-23.903557,-8.276842,31.979729
-22.099304,-8.340990,35.009899
-20.159119,-7.307627,37.980778
-20.453411,-10.400026,36.021709
-17.411310,-7.928034,40.419849
-15.123637,-6.384946,42.657753
-4.807907,-14.526623,43.424107
-10.791051,-25.441425,24.479109
-9.203897,-25.390308,27.365553
-8.755097,-24.305286,30.773191
-8.991562,-21.967686,34.826672
-7.285378,-19.293987,38.913444
-6.933525,-16.107634,41.803185
-11.942449,-23.444931,29.551682
-12.547394,-24.114399,26.687557
-11.480449,-22.279045,32.458714
26.405880,-8.446826,23.896805
25.343702,-8.128395,28.671303
22.990763,-8.875809,33.265766
19.482515,-9.295621,37.808186
15.620450,-6.659706,42.238178
24.769550,-11.716847,25.735617
23.584404,-11.689152,29.521690
25.523123,9.684814,26.201912
24.547489,8.542394,30.388834
22.528021,7.523774,34.803371
15.484615,6.437443,42.397877
19.041029,7.954805,38.900108
23.712780,11.992558,28.800095
22.508476,11.251466,32.253952
20.711464,10.591432,35.558849
-0.320674,10.430929,45.029922
0.224353,-10.455899,45.029922
1.734411,9.342980,45.029922
-1.861802,-9.451265,45.029922
-2.194439,10.056524,45.029922
2.130003,-10.078469,45.029922
8.746820,-1.609779,45.029922
-9.623032,1.564450,45.029922
-7.444956,5.442951,45.029922
-5.501701,-7.784960,45.029922
5.377631,7.649117,45.029922
7.260297,-5.616941,45.029922
7.666738,4.681292,45.029922
4.535592,-8.149202,45.029922
-4.637175,8.086808,45.029922
-7.740362,-5.408237,45.029922
0.853566,-7.749795,45.029922
-1.105804,7.712457,45.029922
4.938468,-2.095320,45.029922
-5.080811,1.086317,45.029922
4.096472,4.048687,45.029922
-4.329161,-3.729994,45.029922
9.871414,1.516365,45.029922
1.787616,6.229517,45.029922
-2.213186,-6.628130,45.029922
-8.470307,-1.881776,45.029922
-0.290566,-4.428637,45.029922
-0.526335,4.983067,45.029922
6.267512,1.228147,45.029922
3.185666,-5.067972,45.029922
-3.325975,4.947873,45.029922
1.798409,-2.362446,45.029922
-1.086004,2.412969,45.029922
2.306685,0.837851,45.029922
-1.113575,-1.030657,45.029922
1.315687,3.702418,45.029922
-10.380674,-25.057833,13.021809
-8.350145,-24.522131,9.347652
-9.429294,-22.745705,6.643768
-11.449261,-23.228823,9.329035
-25.533917,-9.745249,13.888174
-24.527134,-8.959856,9.868515
-22.709980,-9.598447,6.703713
-23.836008,-12.244762,11.856452
-22.927052,-11.957404,9.233906
-25.423506,10.208214,14.192452
-24.135776,10.717611,10.669230
-22.459112,10.829577,7.234948
-24.255501,7.690112,8.290258
-23.849173,12.908153,13.003861
-25.426874,7.864480,11.278778
-24.295574,13.475627,16.491802
-10.099789,26.113943,20.212221
-9.171528,26.051151,15.368407
-8.276385,25.265532,11.191230
-6.995532,24.311060,7.973530
-13.464463,24.549692,19.830463
-12.759934,24.680111,16.499899
-12.148780,23.806892,11.629982
-9.912451,23.007915,7.469821
-13.074956,24.602095,22.764687
10.857735,21.816755,6.185904
9.908688,26.185202,20.366346
9.070265,26.220978,16.207945
8.605948,25.483004,12.193326
7.979105,24.108021,8.179338
12.111625,24.480394,13.809039
12.541329,24.905546,17.439463
11.484644,23.371042,9.684342
25.743506,9.370109,14.189402
24.813126,9.139378,10.767347
23.061674,7.518515,5.988165
22.940807,10.956940,8.241918
23.968204,12.092766,12.019469
24.542685,12.695178,15.448498
24.418539,7.582045,8.562381
25.049027,-11.846664,15.949718
23.939465,-12.019302,11.824006
22.341892,-12.181606,8.293877
26.597345,-7.965190,16.350485
25.583555,-8.587934,12.509791
23.791733,-8.731599,8.070671
2.108301,-19.700277,0.000000
11.070134,-17.124186,0.000000
15.060030,-12.954873,0.000000
19.027000,-6.170372,0.000000
19.724354,1.656036,0.000000
20.608620,-2.399263,0.000000
-19.769201,-1.680693,0.000000
-20.622509,2.382122,0.000000
-19.044386,6.147589,0.000000
-15.438011,12.780653,0.000000
-13.245529,16.060099,0.000000
-2.337737,19.688332,0.000000
2.328122,19.654175,0.000000
6.613593,19.697811,0.000000
11.083352,17.032082,0.000000
15.145462,12.512389,0.000000
18.719381,7.515250,0.000000
-18.776608,-7.495461,0.000000
-15.526781,-12.358944,0.000000
-9.628489,17.558083,0.000000
-13.193796,-15.979291,0.000000
-3.814258,-19.856388,0.000000
-9.206085,-17.550911,0.000000
-18.271301,9.976916,0.000000
-6.308174,19.791685,0.000000
6.550616,-19.707294,0.000000
18.192228,-10.016317,0.000000
0.020661,10.582707,50.174419
9.963375,2.472699,50.283680
5.277745,0.451773,51.533524
10.252122,0.761433,50.278683
28.710947,11.896663,27.600662
27.303011,11.329919,32.229721
25.107206,10.504056,36.806294
21.526360,9.496963,41.664234
17.880524,7.202153,45.517418
14.103387,5.693470,48.129539
9.842793,4.167321,50.137093
4.979820,2.111542,51.514526
8.706936,5.529377,50.267151
7.759024,6.826572,50.260220
3.959213,3.719078,51.510571
6.710279,7.879107,50.255207
14.225430,27.533018,27.948065
5.317373,9.099394,50.189659
2.552172,4.988142,51.480618
10.362323,28.986004,28.717630
9.499050,27.644220,32.996700
8.841034,25.596037,37.024296
8.528898,22.814259,40.729923
3.586712,9.995132,50.161617
1.738990,10.371224,50.197720
0.937357,5.305359,51.518200
-1.744510,10.191930,50.258335
-0.667185,5.560014,51.481194
-10.355568,28.973063,28.768383
-9.289441,27.623135,33.191215
-7.856458,25.503435,37.634285
-3.566049,9.657988,50.273609
-14.222188,27.525589,27.979441
-10.099094,22.492456,40.373455
-5.279071,8.743833,50.301159
-2.058589,4.696174,51.561504
-6.648473,7.779770,50.294498
-7.753499,6.845950,50.257259
-3.641358,3.713294,51.549530
-8.698481,5.683001,50.241135
-28.405357,11.474247,29.220381
-26.369659,11.079153,34.323971
-23.894060,10.198621,38.658184
-20.835543,9.063457,42.507935
-16.842730,7.789105,46.045128
-13.884797,6.077684,48.157856
-9.452214,4.073585,50.274513
-5.288208,2.586801,51.428814
-9.930634,2.322559,50.306294
-10.221618,0.749415,50.289288
-5.407818,0.390062,51.512318
-10.202089,-0.716848,50.296650
-10.050140,-2.411026,50.259991
-4.882585,-1.655075,51.556957
-28.386938,-12.617418,27.654991
-27.246164,-11.455705,32.239300
-25.097071,-10.525816,36.807819
-21.524778,-9.500175,41.664394
-17.880163,-7.202632,45.517536
-14.115642,-5.684880,48.125130
-9.996189,-4.059068,50.101387
-8.815705,-5.343338,50.269077
-4.457442,-3.218888,51.499100
-7.703769,-6.694476,50.303780
-6.621488,-7.898087,50.269806
-3.253556,-4.243358,51.525078
-14.225430,-27.533018,27.948065
-5.314133,-9.092353,50.192349
-10.362323,-28.986004,28.717630
-9.499050,-27.644222,32.996700
-8.841034,-25.596037,37.024296
-8.528897,-22.814249,40.729935
-3.517643,-10.035814,50.156246
-2.051359,-5.287541,51.468376
-1.665938,-10.434759,50.179958
0.004148,-10.701681,50.132473
-0.154936,-5.488432,51.500420
1.650311,-10.466308,50.169899
10.356095,-28.973816,28.765276
9.293334,-27.628880,33.176460
7.860963,-25.508648,37.624748
3.510247,-10.040644,50.155502
1.958665,-4.771282,51.556602
14.222557,-27.526169,27.976793
10.106296,-22.490700,40.371826
5.261427,-9.120832,50.192989
6.638287,-7.932908,50.257027
3.541382,-4.266336,51.490963
7.694857,-6.818548,50.278393
8.671592,-5.609362,50.262581
4.573596,-2.942585,51.509464
28.405357,-11.474247,29.220381
26.369659,-11.079153,34.323971
23.894060,-10.198621,38.658184
20.835545,-9.063455,42.507935
16.842726,-7.789097,46.045132
13.884770,-6.077629,48.157879
9.516794,-4.053052,50.257050
9.997364,-2.338213,50.283161
5.844946,-1.481182,51.401768
10.277266,-0.767426,50.270016
0.005178,-0.128879,51.974724
8.244835,8.244835,49.775074
-8.244835,8.244835,49.775074
-8.244835,-8.244835,49.775074
8.244835,-8.244835,49.775074
-0.000023,11.771608,49.731148
-11.659994,0.000000,49.775059
0.000008,-11.848230,49.700722
11.659994,0.000000,49.775059
-7.125798,-9.445115,49.707336
11.579030,1.433599,49.772148
-11.577431,-1.436595,49.772625
7.128375,9.451015,49.704845
-1.172022,11.635394,49.761623
1.096303,-11.758420,49.716164
-9.090381,7.245148,49.788956
9.090420,-7.247065,49.788475
-7.129802,9.244217,49.769455
9.155544,7.191550,49.781990
-9.156027,-7.158157,49.789879
1.104354,11.751331,49.718666
-1.100410,-11.752585,49.718315
-11.479799,1.396569,49.812275
11.499807,-1.402195,49.804302
7.118915,-9.456071,49.705505
5.627863,-11.904450,49.140225
-12.693165,4.436271,49.012943
12.693085,-4.436306,49.012974
-5.631176,-11.894706,49.143558
5.640572,11.891694,49.142975
-4.832212,13.235399,48.706047
10.786610,5.689554,49.560082
-10.804153,-5.654718,49.560360
-10.579600,5.670087,49.638466
10.579561,-5.670108,49.638477
3.664242,7.940560,50.756809
-3.594432,-7.982989,50.754067
0.639321,9.269801,50.596252
0.570861,-9.471555,50.535805
-0.568736,9.217715,50.613361
7.255633,5.524390,50.648048
-7.014059,-5.071061,50.782246
7.070886,-5.320270,50.727177
5.109083,-7.131285,50.749031
-5.216195,6.900463,50.783668
5.253551,7.093407,50.733460
-5.090366,-7.161599,50.745094
9.085815,-0.096392,50.657856
-9.045281,0.076082,50.669888
8.534142,1.372890,50.785431
8.758765,-1.384604,50.721806
-8.658014,1.331975,50.752647
-8.638912,-1.286492,50.759949
6.504885,6.496443,50.625965
-6.521235,6.412920,50.640079
-6.307399,-6.396544,50.688190
6.398709,-6.508628,50.645725
2.001850,8.645481,50.719875
-1.856207,8.504384,50.768326
-1.893642,-8.802221,50.682232
1.857144,-8.762588,50.695793
-12.115447,-3.467546,49.389133
12.045047,3.491826,49.415161
2.818194,-12.063868,49.479576
-3.207983,11.468613,49.676495
-11.284133,3.349530,49.731480
11.283735,-3.349827,49.731598
-12.104475,6.553838,48.863197
12.104459,-6.553785,48.863216
-5.769062,10.841817,49.524483
6.688973,-15.797513,46.987873
-6.640511,-15.802376,46.996986
6.642095,15.801885,46.996883
-6.545633,16.015387,46.894535
-2.835661,-12.041328,49.487106
2.835963,12.045751,49.485275
-13.254035,26.628870,31.774725
13.255617,-26.630964,31.768217
13.345628,26.634583,31.658018
-13.345628,-26.634583,31.658016
-1.903951,-6.891547,51.166035
2.140285,6.722624,51.187569
-3.518227,-6.088964,51.192715
3.880406,5.932117,51.179993
-5.125143,-5.060930,51.153820
5.784531,5.094491,51.032761
0.100441,7.484895,51.087139
-0.052808,-7.932019,50.976280
-7.588210,0.131641,51.061989
7.398310,-0.253202,51.106976
-5.756884,4.804244,51.084106
5.215268,-5.087728,51.134510
8.015472,-4.305185,50.654255
-7.747048,4.415731,50.707451
-8.218412,2.890494,50.766262
8.371472,-2.955204,50.718849
3.551585,-8.023820,50.748424
-8.176926,-3.304542,50.735638
7.794937,3.612918,50.800068
-6.800348,3.300662,51.069370
1.772554,-6.820986,51.189278
3.536835,-6.040672,51.199993
7.355954,-1.886689,51.060841
1.849596,3.478160,51.731579
-0.345579,3.631297,51.766403
-1.411329,-3.687267,51.730492
3.875274,-0.908102,51.726482
2.459450,-2.593627,51.774735
-6.758534,-1.507905,51.216759
6.613684,1.724344,51.236557
5.835825,3.257715,51.269241
-3.689936,5.753162,51.236549
-1.954812,6.634519,51.218575
6.628186,-3.405113,51.095272
-2.076179,3.016943,51.764725
-3.676351,-0.431418,51.760174
0.502982,-3.338691,51.796364
-3.535356,7.733685,50.824478
-6.059875,-3.304273,51.221741
0.915208,1.608390,51.921433
3.252053,1.436918,51.776863
-2.886957,-2.156790,51.771427
-1.927213,-0.233226,51.916046
-1.072993,1.518550,51.920918
-0.811039,-1.864606,51.910317
1.910081,-0.343154,51.916084
-3.245996,1.501600,51.774494
0.860007,-1.622313,51.922260
-6.947544,1.784856,51.160652
-29.191135,12.556445,23.745031
29.191135,-12.556445,23.745031
-12.293833,29.200502,24.468569
12.293935,-29.200613,24.467579
-12.294813,-29.202263,24.454433
29.383440,12.171870,23.504721
12.294813,29.202263,24.454433
11.959628,-24.913557,36.108242
-11.956660,24.911503,36.113609
-7.916253,-19.447744,44.122822
7.916520,19.447662,44.122803
-8.166731,19.433619,44.050678
8.193227,-19.399220,44.069408
-29.022268,-12.990476,23.574364
-30.041969,-9.704090,25.200945
-12.382589,-24.969328,35.697712
12.382588,24.969326,35.697712
11.505755,23.037178,38.972511
-11.505755,-23.037176,38.972515
-29.876289,9.112226,26.930178
29.876289,-9.112226,26.930178
5.976680,-14.185519,43.364090
9.842896,-25.630220,25.471277
8.874925,-24.865486,29.299324
8.398611,-23.522875,32.629536
8.371858,-21.651438,35.631523
8.139095,-19.343744,38.510754
7.195197,-16.762915,41.217251
12.281505,-24.026415,27.451349
11.747319,-23.177065,30.406864
11.239756,-21.994636,33.162247
13.462991,-13.074945,4.000000
14.689648,12.228100,4.000000
-13.462991,13.074945,4.000000
-14.689648,-12.228100,4.000000
19.007662,1.124970,4.000000
1.340697,19.231270,4.000000
-19.007662,-1.124970,4.000000
-1.340697,-19.231270,4.000000
9.201862,-16.644545,4.000000
-9.201862,16.644545,4.000000
-18.338125,5.483630,4.000000
18.338125,-5.483630,4.000000
17.282963,6.825556,4.000000
-17.282963,-6.825556,4.000000
-10.353038,-16.223700,4.000000
10.353038,16.223700,4.000000
-3.488724,18.332390,4.000000
3.488724,-18.332390,4.000000
-16.448542,10.455938,4.000000
16.448542,-10.455938,4.000000
-8.393475,25.441648,2.474353
-8.506211,-25.497704,2.610898
8.163980,-25.527868,2.491352
8.275429,25.585068,2.627894
29.243115,12.153299,15.377427
28.532166,11.897368,11.706482
26.832258,11.221927,6.629638
26.221336,6.782797,2.932824
26.225563,-6.766726,2.932940
28.794912,-13.277024,15.665264
28.471952,-12.306621,12.107643
26.855650,-11.223997,6.678522
13.804989,-25.775307,6.972836
13.000783,-23.921698,3.160348
10.046517,-29.406555,12.338100
9.527509,-28.163658,8.141347
3.569264,-26.730135,2.748253
-4.672471,-26.475851,2.619948
-10.331405,-29.289312,12.267957
-9.597272,-28.181711,8.241124
-13.455506,-26.223606,7.514174
-13.451629,-24.069294,3.735441
-28.869238,-13.197832,15.927233
-28.607019,-12.215648,12.463902
-26.885590,-11.272008,6.780027
-26.229202,-6.788421,2.947175
-26.225563,6.766726,2.932940
-28.794912,13.277024,15.665264
-28.471952,12.306621,12.107643
-26.855650,11.223997,6.678522
-13.827312,25.763262,6.972685
-13.047894,23.896406,3.160875
-10.052540,29.404362,12.337582
-9.577570,28.144915,8.137167
-4.639805,26.462395,2.590686
3.596870,26.742476,2.773168
10.325323,29.291611,12.268542
9.548663,28.200022,8.245456
13.426414,26.238892,7.514971
13.409567,24.092484,3.735041
25.104237,13.740696,5.658193
-7.326415,-27.324904,5.019274
7.085507,27.402409,5.045028
-25.123203,-13.771371,5.721071
7.045398,-27.365343,4.958313
25.114479,-13.740159,5.675648
-25.114479,13.740159,5.675648
-7.285385,27.287951,4.932014
-30.220348,-9.211049,14.887043
-12.276681,-29.281576,15.990972
12.275675,29.282011,15.991064
23.309341,13.789801,2.930455
-23.314861,-13.797075,2.943896
23.315224,-13.782366,2.932487
-23.315224,13.782366,2.932487
25.520271,10.624274,3.855415
-25.531229,10.613343,3.865570
25.531229,-10.613343,3.865570
-25.543137,-10.645084,3.905437
-27.481735,-8.160790,5.756836
27.435505,8.133553,5.652331
-27.454186,8.143743,5.693979
27.454186,-8.143743,5.693979
-28.694099,-9.563783,9.525929
28.540354,9.477465,9.037622
-28.590099,9.624101,9.298707
28.590099,-9.624101,9.298707
29.878407,-9.713550,13.898159
-29.878407,9.713550,13.898159
29.724957,9.207720,12.515432
10.379413,-26.330586,5.042869
10.418314,26.479652,5.336449
-10.535267,-26.429684,5.329849
-13.957970,28.104044,13.703003
13.955934,-28.105082,13.703118
26.833670,13.571091,9.030595
-26.821596,13.692156,9.152466
26.821596,-13.692156,9.152466
14.177981,27.828093,13.004899
-14.180813,-27.826605,13.004716
-26.874826,-13.686791,9.278468
-10.495805,26.280806,5.036532
12.990494,-27.629400,10.390451
-13.006320,27.621708,10.389740
13.004015,27.618477,10.377311
-13.021071,-27.610126,10.376409
27.372154,-14.886555,12.684190
-27.372154,14.886555,12.684190
-11.040117,29.738411,15.762768
11.038483,-29.739037,15.762899
-27.429234,-14.853522,12.832853
27.499035,14.565433,12.515009
-14.256256,28.538891,17.466824
14.255652,-28.539196,17.466864
9.745249,-25.533917,13.888174
8.959856,-24.527134,9.868515
9.598447,-22.709980,6.703713
12.244762,-23.836008,11.856452
11.957404,-22.927052,9.233906
