500,818,819
631,831,832
359,1094,1100
213,1102,1106
148,422,423
367,697,1110
518,831,832
307,540,541
118,406,407
664,672,680
631,632,1009
733,1053,1099
279,517,832
392,434,726
348,349,743
357,692,695
724,1082,1117
395,423,424
198,285,508
229,230,1055
328,329,749
226,594,1135
582,839,1014
45,46,304
68,107,108
126,189,361
142,170,172
778,784,891
284,556,1091
711,1072,1073
344,754,756
749,1023,1034
363,701,1129
779,943,945
146,147,395
323,324,329
116,201,202
156,401,730
620,815,816
637,638,1011
117,404,1059
564,594,1131
140,717,1084
543,767,768
828,898,908
610,611,803
614,615,802
337,348,1024
218,577,1057
363,698,699
115,116,1083
342,756,1029
564,575,1131
530,573,1109
835,836,900
117,202,1059
296,536,537
420,747,748
713,717,720
213,538,1106
313,314,437
670,681,683
124,130,186
405,1043,1063
166,383,719
133,173,371
131,370,743
143,749,1023
359,694,1100
824,825,865
508,628,827
362,490,692
143,422,749
813,914,959
208,530,573
646,651,767
166,443,719
431,432,596
42,297,637
297,573,1051
127,699,1088
314,648,768
850,858,954
479,614,803
27,270,619
704,709,1134
504,616,815
267,617,618
270,554,1004
939,1019,1020
335,758,1031
655,668,676
590,591,1017
227,735,736
476,801,991
519,520,830
78,819,820
118,354,406
234,602,603
89,90,931
967,978,986
273,493,621
289,631,1009
69,869,876
327,747,1037
352,688,689
215,564,583
828,833,898
451,716,1078
784,897,919
43,298,572
823,826,946
293,640,854
466,709,1115
121,191,358
351,352,688
72,890,936
335,745,758
109,558,578
134,175,1072
313,648,769
473,551,993
679,682,684
3,4,237
137,380,418
862,981,987
465,607,935
620,815,1005
1078,1092,1120
597,781,782
279,518,831
1054,1137,1140
152,209,1050
244,604,605
10,243,461
217,1137,1138
251,471,472
237,600,934
272,492,620
372,705,706
730,1053,1087
576,594,1136
705,706,1074
115,353,690
380,418,1076
342,343,756
354,405,1063
92,465,935
8,238,452
973,974,979
238,600,1001
154,430,736
158,419,1077
452,453,1001
306,307,540
888,895,929
292,640,855
263,991,1010
127,179,181
382,383,719
571,1003,1012
11,246,607
597,602,782
910,914,950
8,96,237
329,750,1034
394,435,725
254,255,615
981,982,987
659,671,677
139,144,713
284,351,688
87,864,877
42,296,537
163,164,421
385,386,715
536,638,1011
698,699,700
637,642,1011
121,359,694
155,156,203
564,583,594
519,830,831
102,436,769
537,992,1011
129,186,412
531,1108,1109
849,904,918
327,328,1037
176,473,551
111,343,1029
338,347,741
347,741,1028
642,992,1011
244,605,791
416,417,753
848,851,953
142,158,419
13,247,656
189,1101,1105
285,508,628
629,630,829
363,698,701
156,401,1095
115,199,1083
257,480,804
156,205,402
833,890,936
470,605,794
434,435,1133
732,733,1108
297,572,573
305,546,547
322,323,330
304,658,663
388,389,713
139,144,163
501,625,818
278,627,633
28,497,820
138,171,1076
315,438,651
608,609,613
453,454,783
220,1058,1086
505,815,1004
1053,1108,1119
10,374,460
366,367,1110
375,376,708
3,449,934
1047,1106,1111
321,332,1041
586,594,1013
920,948,974
753,758,1031
567,939,1020
153,400,427
843,962,963
433,595,734
256,480,803
313,436,647
256,614,803
292,532,855
151,209,1104
188,410,1067
508,509,827
495,622,817
332,760,1041
237,654,662
233,601,602
313,436,768
487,609,801
516,933,1000
638,852,1011
130,411,741
331,738,1026
207,399,1104
208,397,530
156,203,1095
236,600,1001
300,525,643
554,1064,1090
477,613,801
194,408,1094
267,503,504
560,561,841
678,681,683
14,660,666
705,710,1115
453,599,1001
137,158,745
16,247,935
368,700,1107
378,467,1072
332,737,760
1,456,780
450,451,1078
231,548,714
390,722,727
115,116,201
484,804,805
51,311,647
184,489,553
99,100,863
26,192,269
104,106,932
148,395,749
647,648,769
43,297,298
10,460,461
125,187,1067
303,529,641
200,283,521
295,535,638
724,725,1117
359,751,752
574,577,1056
567,588,1020
250,605,999
95,96,937
353,1043,1083
349,744,1031
42,297,573
665,668,681
143,148,422
479,480,803
579,841,1016
517,832,1000
75,865,871
504,815,816
118,119,354
911,960,971
495,817,818
646,648,768
229,1054,1055
773,774,902
373,704,705
245,464,791
355,506,1127
137,380,1038
467,710,1115
227,735,1022
693,695,696
336,350,1031
124,130,740
569,570,845
826,834,967
433,595,1044
645,650,766
297,1051,1109
608,613,991
616,619,1004
692,1065,1090
127,181,363
493,494,621
112,745,1038
182,475,703
1074,1075,1125
654,662,675
485,803,804
564,594,1135
385,450,715
1014,1015,1020
352,515,1060
151,399,733
117,157,755
533,854,855
47,658,674
270,554,619
235,447,1008
242,460,993
720,1079,1113
623,625,818
139,163,165
279,280,831
124,360,410
367,368,702
158,170,1077
424,425,750
840,1014,1020
693,696,1122
132,179,180
159,161,1082
8,452,600
563,564,1013
395,396,1034
504,617,816
720,1079,1126
137,138,1076
82,868,884
516,627,933
20,21,85
656,666,669
578,579,1017
246,464,1002
559,579,841
146,395,1082
141,388,1077
154,228,430
353,404,1043
36,74,513
24,258,612
582,583,1013
234,446,1007
301,639,640
118,123,407
622,624,817
462,790,791
361,362,692
220,222,1058
392,547,726
1079,1080,1113
379,416,1073
259,611,612
353,405,756
652,656,669
731,732,1109
7,95,96
246,465,607
380,417,1042
153,210,426
344,1025,1036
841,998,1015
208,573,637
382,443,719
810,812,910
124,360,1028
500,625,819
1079,1080,1126
770,893,924
205,402,730
718,1092,1120
266,502,503
621,622,817
628,829,995
33,40,72
254,477,613
897,907,945
1071,1088,1118
266,502,624
90,468,935
638,643,852
403,728,1128
382,442,443
44,529,641
331,332,1033
717,720,1113
449,600,934
525,643,852
532,641,856
380,758,1038
510,511,1006
150,396,425
459,1074,1130
145,727,1102
123,754,1025
543,648,768
433,734,759
118,123,1025
398,399,732
246,464,465
700,1071,1107
440,649,765
302,528,640
245,605,794
1053,1104,1108
395,723,1097
255,256,479
852,992,1011
453,454,598
11,92,465
168,384,385
346,751,1035
521,628,629
47,304,658
599,783,1008
617,618,621
580,840,841
784,785,937
716,718,1126
822,824,903
764,870,872
559,841,1017
190,271,492
559,579,1017
56,102,436
226,586,594
288,289,631
740,741,1028
25,32,277
522,729,1128
851,968,969
402,522,1119
97,99,874
2,232,777
145,150,211
175,378,467
728,1051,1128
568,998,1021
439,649,766
90,892,931
1051,1052,1128
235,236,599
697,698,701
375,708,712
1045,1081,1113
112,745,1027
531,732,1109
1052,1119,1128
153,400,739
231,241,601
283,557,628
186,411,412
168,385,450
1066,1085,1122
585,1135,1136
283,628,629
347,741,1032
595,734,759
966,976,985
396,738,750
305,547,726
692,1065,1105
321,322,331
128,185,1103
585,1116,1136
132,414,1096
284,285,556
369,412,1068
171,172,1076
250,471,999
109,110,1012
305,391,721
3,98,237
326,327,1027
549,714,1092
120,354,690
268,269,616
293,294,639
325,326,1037
287,510,941
723,1097,1102
398,530,731
111,319,1039
487,610,802
103,104,932
136,178,416
117,353,1059
603,782,1008
119,120,354
456,457,780
409,410,1067
812,868,873
696,1085,1122
215,563,564
617,815,816
137,172,1076
182,476,552
129,412,1068
282,520,829
122,359,408
345,752,1035
131,132,180
198,285,556
245,464,606
31,38,661
482,553,1110
123,407,752
434,726,1046
556,557,628
400,427,737
1062,1063,1114
250,604,938
190,554,619
904,954,975
130,740,1028
533,534,854
733,1099,1104
558,1003,1012
299,300,643
663,670,681
207,399,1108
300,525,526
534,639,853
121,193,1094
369,370,413
112,113,1027
28,29,277
340,345,1035
165,713,720
841,845,1017
104,105,106
112,326,1027
968,982,987
840,841,1015
858,859,928
137,746,1027
257,612,804
914,950,970
232,601,777
395,724,1082
156,730,1087
543,646,768
270,554,555
316,440,649
450,549,715
401,1033,1041
3,600,934
710,1074,1125
648,768,769
263,608,1010
282,520,521
293,533,855
490,1090,1105
155,401,429
16,607,935
47,48,61
833,835,921
186,412,1068
458,706,1075
631,830,1006
64,857,930
598,599,603
1053,1087,1119
370,1096,1098
151,207,1104
361,490,692
208,537,637
588,939,1020
1071,1103,1107
346,1028,1035
146,161,1093
165,381,720
585,592,1116
695,1122,1132
839,1013,1019
165,442,1080
209,1050,1104
284,557,628
440,765,766
1054,1057,1112
270,616,1004
594,1131,1135
377,466,1115
571,1003,1018
95,882,937
293,533,534
535,638,852
36,74,933
642,852,1011
839,844,994
414,743,757
25,500,626
135,379,416
606,794,1002
137,418,745
602,603,1008
1,241,780
142,158,170
602,940,1007
377,709,1115
149,150,396
232,601,940
261,609,610
481,612,805
247,607,935
103,318,1012
241,456,781
9,472,473
288,289,1009
260,261,610
6,94,95
438,439,651
379,380,1031
772,775,972
616,815,1004
36,37,74
400,428,760
7,8,237
268,505,616
834,942,944
622,623,624
337,348,1032
574,575,1056
49,305,547
148,423,749
713,1081,1113
166,383,714
440,441,765
779,786,965
1115,1130,1134
576,577,1136
144,163,164
627,633,933
341,345,1025
528,640,854
913,950,990
364,474,475
28,626,819
762,911,960
310,543,648
357,498,1132
480,611,804
690,691,1114
295,296,536
370,413,1096
584,1116,1124
43,728,1051
125,360,1067
716,717,1079
392,434,547
349,753,1031
808,961,990
1047,1106,1117
705,1074,1130
6,652,654
398,732,1109
348,757,1032
111,334,1039
288,1006,1009
541,644,765
265,501,818
176,551,708
965,981,982
492,620,1005
358,695,696
35,198,556
135,136,178
434,547,1046
259,484,804
493,815,1005
283,521,628
19,481,612
140,388,717
400,427,739
267,268,617
6,237,654
711,1072,1123
809,913,956
762,764,872
334,734,759
606,607,1002
317,440,649
398,530,1109
482,483,1110
207,531,1108
227,1022,1030
432,433,1044
468,607,935
636,830,941
602,1007,1008
98,891,934
222,433,734
350,753,758
649,650,766
267,503,618
276,626,819
261,486,487
909,912,951
300,639,643
500,501,625
50,305,306
588,589,1021
128,183,700
764,861,909
154,204,429
508,628,635
140,141,169
363,364,701
400,1099,1104
154,155,429
551,708,712
812,910,914
133,138,171
623,817,818
966,981,985
906,973,979
1044,1055,1112
220,221,223
797,864,879
34,283,557
124,410,411
429,736,760
352,688,1060
349,744,1024
231,457,780
840,1015,1021
495,622,623
132,370,1096
119,196,406
245,246,464
146,161,1082
263,489,1010
609,615,802
370,414,743
56,313,647
709,1115,1130
16,247,607
265,625,818
522,729,1119
833,835,936
562,582,1014
246,607,1002
850,858,896
688,691,1127
333,736,1022
1060,1091,1121
227,596,735
315,316,439
560,579,580
22,23,258
122,408,1094
716,1078,1126
564,594,994
236,449,1001
90,892,935
261,487,609
369,370,699
800,916,955
443,719,1120
142,158,172
422,748,749
365,475,703
143,144,389
46,304,663
303,528,855
67,104,105
113,326,327
976,985,988
642,643,852
40,72,291
330,331,738
136,379,744
405,406,756
400,401,1033
484,612,804
248,607,1002
39,40,291
76,77,881
8,237,934
286,508,509
42,397,731
147,395,1093
360,409,1067
249,605,794
698,699,1071
299,525,642
294,295,535
319,334,759
293,534,854
638,639,643
279,831,832
294,535,638
423,424,1093
51,58,770
542,646,767
208,537,573
168,384,457
134,135,379
15,16,247
559,1003,1017
370,413,1098
630,636,941
216,226,586
811,977,988
428,737,760
143,748,1037
836,838,876
631,632,832
1050,1099,1104
190,491,554
226,565,594
759,1030,1039
267,504,617
281,282,520
145,213,727
305,317,644
382,442,1120
116,201,1059
393,434,435
1043,1063,1114
123,752,754
111,342,343
149,153,738
348,742,1032
502,503,618
417,418,1042
55,56,102
121,193,1085
67,318,665
738,750,1034
370,413,414
1116,1124,1139
206,524,572
372,706,1074
59,870,872
335,350,1031
83,84,888
401,429,760
149,396,738
57,872,924
369,699,700
140,141,1084
339,1028,1035
797,906,916
232,233,601
253,476,613
380,758,1031
248,469,1002
485,611,803
556,557,995
360,740,751
48,61,62
789,793,938
567,568,939
261,486,610
453,598,599
10,461,789
54,55,101
117,353,755
13,93,94
270,616,619
809,810,913
363,364,474
4,5,237
111,114,343
302,303,528
428,1095,1099
721,722,725
259,484,485
599,783,1001
372,373,459
493,494,816
393,435,1133
18,253,991
136,744,1031
688,1060,1121
824,825,917
256,480,611
563,839,1013
5,97,99
755,756,1029
284,285,628
453,599,783
729,1052,1128
535,639,853
245,463,464
395,750,1034
114,334,734
17,184,553
1,384,457
156,1087,1095
535,852,853
254,255,478
49,160,441
379,380,417
799,976,988
134,379,1073
587,1019,1020
825,828,908
960,971,972
301,302,527
24,484,612
594,994,1013
190,271,619
1056,1136,1137
324,325,749
198,507,556
512,632,1009
248,468,469
132,370,414
246,606,607
371,706,1075
489,991,1010
584,1124,1139
150,396,1049
1064,1065,1132
148,395,423
74,291,933
582,839,1013
382,718,719
827,829,995
774,776,863
110,318,932
395,396,424
508,635,827
118,196,407
227,735,1030
157,202,223
662,664,672
838,842,925
574,575,576
842,887,925
771,773,893
187,188,1067
692,693,1105
779,786,943
454,597,598
140,167,387
814,823,983
14,15,89
103,106,571
789,793,993
633,933,1000
129,130,369
144,163,1081
550,551,704
1069,1070,1110
584,585,1116
729,732,1108
68,69,70
914,959,970
840,1014,1015
49,392,547
301,526,853
455,781,782
343,755,1029
541,645,766
17,184,366
42,297,731
248,606,607
505,616,815
849,866,878
837,942,949
605,791,794
270,357,692
402,729,730
210,212,426
63,878,896
250,251,938
119,354,406
610,614,803
376,377,466
111,342,1029
11,247,935
448,599,1001
226,585,592
275,276,496
598,782,783
143,422,748
410,411,740
349,350,753
432,1044,1055
598,599,783
754,756,1036
151,399,1104
176,375,473
310,543,544
745,758,1038
276,625,626
513,633,933
479,614,802
310,311,544
118,754,1036
181,1088,1118
429,430,736
1060,1061,1127
176,551,712
617,618,816
130,369,741
984,985,988
492,554,1005
483,1107,1110
27,554,619
158,418,745
590,845,1017
190,492,619
94,95,882
382,719,1120
536,537,1011
279,280,518
300,301,639
402,729,1119
111,114,1029
41,62,532
140,388,1084
192,498,555
481,804,805
362,490,491
259,612,804
529,641,856
1042,1073,1123
368,483,702
432,596,759
42,208,731
65,866,878
240,454,598
245,791,794
207,1104,1108
55,101,102
1,231,780
313,648,768
705,706,710
614,802,803
784,785,919
904,918,953
628,635,827
166,548,719
445,777,940
516,627,633
839,840,1014
585,1136,1139
40,71,72
43,206,298
330,750,1034
241,455,456
162,422,423
281,630,631
253,476,991
79,80,923
395,396,1097
157,433,1058
480,803,804
638,642,1011
54,100,101
528,854,855
33,516,627
224,225,1054
27,362,491
52,58,312
548,714,997
692,1064,1132
349,1024,1031
252,608,991
234,235,1008
289,632,1009
128,369,1068
821,822,959
337,338,348
250,604,999
570,590,845
602,781,1007
51,769,770
7,8,96
222,595,734
358,499,1122
388,747,1027
625,626,819
19,258,612
305,721,1046
654,669,675
671,673,686
581,582,1014
847,849,866
305,392,726
331,739,1033
154,401,760
356,688,1121
405,755,756
36,290,513
859,885,928
318,657,665
546,547,996
244,463,791
715,1078,1092
244,245,605
219,576,594
601,780,781
671,684,686
381,718,720
826,944,946
217,595,1138
488,609,801
609,613,802
395,1082,1093
395,424,1093
1054,1055,1138
28,497,819
235,599,1008
954,957,975
500,501,818
2,166,231
763,951,971
277,667,677
412,413,1068
352,689,1061
551,708,1134
162,423,1093
714,715,1092
118,754,1025
567,939,1019
631,831,1009
118,119,406
456,780,781
431,596,1055
117,157,202
345,346,1035
843,969,978
608,613,801
389,713,1081
130,411,740
40,291,627
240,455,597
155,401,1095
517,632,832
33,72,516
144,389,1081
921,942,949
403,522,1128
113,327,746
390,391,721
900,921,949
159,394,1117
154,1022,1041
122,193,194
154,760,1041
276,497,819
241,780,781
153,738,1026
211,1049,1102
355,1062,1127
265,266,502
395,396,723
2,601,777
116,1059,1083
44,304,641
121,1085,1094
523,728,1128
604,793,938
292,532,641
287,288,636
249,469,794
609,613,615
601,781,940
772,971,972
297,573,731
340,345,346
111,114,334
292,532,533
245,605,791
589,590,1017
141,169,170
400,428,1050
311,545,769
302,303,640
432,433,595
279,518,832
693,696,1066
729,1052,1119
330,738,1026
251,793,938
527,640,854
363,698,1118
173,371,707
146,394,724
155,203,1095
527,853,854
220,595,1086
1065,1105,1122
110,932,1012
20,21,258
353,755,1029
97,874,891
522,523,1128
564,1131,1135
596,735,1030
372,373,705
634,636,941
224,229,1054
839,1013,1014
121,191,1085
233,234,1007
601,602,940
512,632,1000
390,538,1106
31,76,77
386,450,715
417,1042,1073
850,904,954
120,195,197
370,1032,1040
1060,1121,1127
50,214,546
255,479,614
140,169,1084
141,1077,1084
281,631,830
38,75,76
389,421,748
327,746,747
749,1023,1037
174,373,459
319,320,333
227,230,596
386,450,1078
231,780,997
113,746,1027
266,503,618
168,450,549
597,603,782
386,715,716
298,524,572
728,731,1109
628,629,827
313,768,769
217,577,1137
485,486,803
336,349,350
438,439,767
234,235,447
1061,1083,1114
252,263,553
147,148,162
698,1107,1118
308,542,646
860,951,964
235,448,599
10,604,789
350,758,1031
811,814,977
530,731,1109
242,793,993
579,580,1016
644,645,649
248,469,606
308,541,542
179,181,1088
616,1004,1005
235,603,1008
396,424,425
128,183,185
1045,1077,1084
771,893,924
583,594,1013
308,309,542
296,536,1011
312,664,674
127,181,1088
548,719,1092
716,720,1079
704,705,709
859,861,912
136,379,416
829,830,941
807,895,927
486,487,802
284,356,688
357,695,1132
216,226,592
211,212,1049
222,433,595
350,745,758
63,896,930
250,470,999
225,229,1055
361,490,1105
254,477,478
353,405,755
49,160,392
27,491,554
11,607,935
376,466,1134
118,194,407
120,354,1063
151,400,1050
69,108,876
630,829,830
341,342,344
313,436,769
487,609,802
698,700,702
243,789,790
262,263,1010
500,625,818
10,242,789
327,747,1027
232,444,777
813,821,959
215,219,575
535,536,638
74,513,933
841,1016,1017
835,883,936
388,1045,1084
153,400,1033
671,682,684
402,522,729
156,402,730
574,576,577
316,439,650
278,632,633
922,958,962
252,263,608
165,713,1080
54,662,664
1048,1082,1117
729,1052,1108
605,606,794
564,583,1013
159,394,435
18,182,552
136,744,1024
337,349,1024
726,1046,1133
453,783,1001
732,1052,1109
51,311,769
400,737,760
231,777,780
134,175,378
418,1042,1076
840,939,1021
666,669,682
718,1120,1126
238,239,598
704,708,712
786,788,966
279,631,832
320,332,333
257,611,804
574,577,1057
743,757,1040
11,92,935
688,1060,1127
142,170,1077
385,386,450
919,943,948
121,122,193
297,572,992
400,401,760
234,603,1008
579,841,1017
283,521,557
157,222,734
143,1023,1037
604,789,793
25,264,626
210,426,427
673,678,686
142,419,747
230,431,596
483,702,1107
254,478,613
392,393,434
183,368,700
366,367,482
908,944,946
725,1117,1133
582,1013,1014
226,585,1135
561,580,841
85,86,929
242,789,793
420,1045,1081
380,418,745
645,649,650
671,673,677
649,765,766
549,714,715
135,177,1073
177,1072,1073
236,448,599
251,472,793
176,551,1134
158,419,746
245,606,794
839,840,939
233,234,446
358,695,1122
245,605,606
380,418,758
284,556,628
730,1053,1119
947,960,972
18,182,365
3,237,934
389,747,748
628,629,829
327,748,1037
352,515,1061
1045,1084,1113
16,90,468
701,1070,1118
251,604,938
575,576,1056
427,428,1050
889,896,930
395,424,1097
136,178,415
150,212,425
550,704,1130
1054,1138,1140
152,210,1050
125,126,187
72,291,890
725,1047,1133
776,778,874
728,1052,1128
91,93,875
199,201,1083
137,138,380
860,964,975
497,819,820
51,647,769
18,253,476
275,276,623
176,375,708
342,344,756
111,1029,1039
452,600,934
355,506,1062
718,719,1092
692,695,1065
153,210,427
215,219,564
367,697,702
578,1017,1018
841,998,1016
73,75,871
193,194,1094
131,370,414
349,744,753
22,82,83
114,734,755
260,610,803
215,564,575
11,247,607
630,631,830
790,791,999
625,818,819
398,731,1109
602,782,1008
154,429,760
638,643,853
316,317,649
231,444,997
565,594,1135
604,605,999
159,724,1117
207,399,531
338,347,1028
543,646,767
549,715,1092
342,353,1036
710,1115,1125
288,510,1006
632,832,1009
135,379,1073
706,1074,1075
1070,1107,1118
298,299,524
379,416,753
389,420,421
298,524,642
41,292,532
386,450,451
566,586,587
264,500,625
288,631,636
1085,1094,1100
137,158,172
131,136,744
322,1026,1033
227,228,431
257,481,804
11,246,465
243,461,790
532,855,856
508,628,995
155,156,1095
566,567,587
123,408,752
227,736,1022
238,452,600
214,540,546
564,994,1013
263,488,489
224,225,229
149,396,425
252,366,697
138,172,1076
315,439,651
87,88,864
288,289,511
21,87,88
213,390,1106
355,688,1121
286,508,827
301,527,640
646,650,767
898,908,944
548,549,714
155,429,1095
254,478,615
390,391,538
85,877,895
567,1019,1020
363,1088,1118
565,566,994
292,533,855
719,1092,1120
98,449,934
42,208,537
313,437,768
71,883,936
251,604,793
103,591,1012
130,412,741
331,739,1026
319,333,1030
262,488,609
636,830,1006
241,456,780
481,612,804
132,179,1096
498,555,1064
520,521,829
307,308,645
2,232,444
161,1082,1093
730,1087,1119
693,694,1066
158,745,746
348,743,757
667,673,677
147,148,395
956,961,990
1,457,780
150,396,723
807,955,956
279,517,518
289,511,512
25,32,78
403,728,729
562,563,582
51,312,647
44,64,529
480,611,803
163,165,1081
344,345,1025
496,818,819
500,626,819
553,1069,1110
699,1096,1098
761,899,901
493,620,816
1072,1075,1123
422,423,749
363,364,1129
169,170,1077
705,1115,1130
109,110,558
389,420,1081
332,760,1033
235,447,448
393,725,1133
955,956,961
26,270,357
288,510,511
114,334,1039
775,779,945
103,318,932
512,513,1000
448,783,1008
203,1087,1095
939,1014,1020
1116,1124,1136
117,755,1029
289,511,1009
569,590,845
448,599,783
135,178,416
1015,1016,1021
395,723,724
14,15,247
629,630,634
408,409,1094
36,513,633
688,689,691
998,1016,1021
9,375,473
761,785,882
183,483,1107
41,532,641
377,467,710
73,74,890
234,446,447
274,621,622
388,389,747
543,646,648
551,704,993
241,602,781
121,694,1094
369,742,757
736,1022,1041
705,709,710
736,760,1041
561,562,840
232,777,940
1061,1062,1114
564,565,1135
388,419,747
385,549,715
173,371,458
166,548,714
1053,1099,1104
470,471,999
130,411,412
153,427,739
454,597,782
464,606,794
443,1092,1120
401,428,760
584,593,1124
127,179,1088
151,400,733
76,865,881
157,223,1058
235,448,1008
322,331,739
608,609,1010
393,394,725
720,1080,1113
376,466,709
449,934,1001
496,497,819
840,1015,1020
278,632,1000
1087,1095,1099
416,744,753
616,619,620
506,507,1121
116,117,353
297,298,572
242,704,993
128,129,1068
478,613,802
720,1080,1126
271,272,620
1003,1017,1018
398,531,1109
246,465,1002
1048,1106,1117
27,190,271
506,1062,1127
353,405,1043
131,178,180
637,642,992
24,259,612
50,214,539
493,620,1005
234,447,1007
232,445,940
154,204,228
379,417,1073
597,598,603
1056,1124,1137
535,638,853
811,950,990
838,842,922
117,157,734
836,869,883
42,573,637
40,72,627
216,226,1135
837,843,978
239,240,598
740,751,1035
629,827,829
361,693,1105
143,389,421
175,177,1072
835,836,883
239,453,598
468,607,1002
814,823,980
78,500,819
761,787,875
34,284,557
98,237,891
548,549,1092
270,1064,1090
435,725,1133
616,815,1005
812,813,914
278,516,517
402,403,729
811,814,970
514,515,1060
552,703,1069
321,332,1022
155,204,429
124,130,411
155,203,204
821,894,923
176,466,1134
534,535,639
191,499,1122
125,187,188
359,360,1035
809,884,927
478,613,615
491,554,1090
124,125,188
322,739,1033
205,730,1087
345,752,1025
260,485,803
542,766,767
51,312,770
550,704,1134
109,110,318
11,12,247
728,1051,1052
492,619,620
144,389,713
55,102,312
562,582,839
297,572,1051
238,453,599
560,561,580
311,648,769
120,197,355
704,708,1134
83,884,927
176,375,712
379,380,711
842,922,958
344,754,1036
340,345,1025
361,692,693
320,1022,1030
774,776,915
901,920,948
220,222,595
694,696,1066
253,613,991
596,759,1030
605,790,999
332,736,1041
122,123,359
123,407,408
782,783,1008
1048,1082,1097
388,1045,1077
257,480,611
287,288,510
659,660,671
412,413,742
259,485,804
160,392,434
710,1074,1115
1066,1105,1122
231,241,780
145,213,1102
396,750,1034
35,284,556
313,647,648
632,832,1000
249,606,794
324,1023,1034
546,547,1046
729,733,1119
698,700,1071
379,416,744
313,647,769
556,628,995
338,347,1032
131,414,743
186,188,411
457,549,997
566,844,994
225,1138,1140
840,939,1014
72,516,933
181,363,474
434,547,726
347,742,1032
839,1014,1019
473,793,993
698,1071,1118
205,402,522
616,617,620
116,202,1059
333,334,1030
338,347,348
320,333,1022
306,307,644
1071,1098,1103
144,164,421
325,327,1037
846,847,905
699,1071,1098
137,158,418
723,1049,1102
28,29,80
370,743,1040
554,619,1005
238,599,600
584,1139,1140
474,1118,1129
476,613,991
156,203,205
119,354,1063
329,749,1034
400,428,737
118,196,406
293,639,640
261,487,610
130,741,1028
837,949,962
699,1088,1118
157,433,734
241,597,602
250,470,605
85,895,929
146,147,1093
31,277,667
388,747,1037
335,745,1038
85,87,877
563,564,994
166,231,714
278,516,627
18,476,552
219,583,594
525,642,852
528,529,855
113,745,746
154,736,760
61,885,928
80,497,820
70,869,883
222,1029,1039
219,564,594
792,795,931
442,1080,1126
670,680,685
777,780,940
434,726,1133
103,104,106
644,645,765
705,709,1130
484,485,804
1048,1102,1106
294,535,639
610,614,802
315,650,651
745,746,1027
167,169,1084
233,446,940
1066,1100,1101
294,534,535
244,462,791
641,855,856
631,831,1006
737,760,1033
460,789,993
256,479,803
59,60,870
344,754,1025
131,132,414
510,636,1006
325,1023,1037
297,298,642
516,633,933
565,594,994
57,58,924
585,593,1116
905,918,953
103,571,591
556,557,1091
628,629,635
288,510,636
605,794,999
394,725,1117
672,675,687
516,517,1000
118,354,754
729,733,1108
130,1028,1032
369,413,1098
847,849,918
825,908,917
121,694,1085
570,571,1018
396,738,1026
342,353,1029
140,141,388
240,241,597
529,641,855
377,710,1115
112,113,335
273,274,494
240,454,597
433,595,759
12,13,247
698,1071,1107
610,614,615
525,526,853
139,165,381
413,742,757
568,939,998
348,1032,1040
8,600,934
104,318,932
486,487,610
264,625,626
252,552,1069
21,258,660
129,186,1068
574,576,1056
580,581,840
561,580,581
475,1069,1129
25,264,500
728,1051,1109
272,273,493
588,1020,1021
191,193,1085
500,625,626
618,624,817
1051,1052,1109
6,7,237
450,715,1092
888,895,927
749,750,1034
370,414,1096
125,410,1067
73,871,890
252,253,991
843,848,969
39,291,655
717,1045,1084
131,743,744
355,688,1127
49,305,392
423,749,750
650,651,767
18,552,991
513,633,1000
729,732,733
620,621,816
335,336,1031
117,734,1029
152,210,427
558,559,1018
693,694,696
336,349,1031
584,1124,1140
763,860,951
204,228,430
645,649,766
143,148,1023
15,16,90
141,142,170
168,457,549
121,358,696
660,671,682
241,601,602
892,926,931
713,720,1113
72,516,627
50,391,539
520,829,830
371,707,1075
145,211,1049
439,650,651
227,431,596
577,1057,1137
228,230,431
494,816,817
220,221,1086
110,558,1012
911,951,971
831,832,1009
36,290,633
257,611,612
314,437,438
438,651,768
61,889,928
144,713,1081
814,970,980
322,330,331
146,1082,1093
432,596,1055
153,739,1033
279,517,632
201,1059,1083
609,613,801
644,649,765
692,1090,1105
789,790,938
518,519,831
51,52,312
28,276,819
290,632,633
608,801,1010
311,544,545
584,1054,1140
220,222,223
554,555,1064
912,951,964
154,227,430
352,689,1060
705,710,1074
63,65,878
1013,1014,1019
692,1064,1065
137,380,1076
1044,1086,1112
376,377,709
436,768,769
2,231,601
716,718,720
448,783,1001
758,1031,1038
579,1016,1017
602,781,940
841,845,998
300,526,853
203,205,1087
369,412,741
618,621,816
257,480,481
353,756,1036
389,748,1037
392,393,726
564,565,994
242,460,789
509,634,827
754,1025,1036
91,892,926
27,270,1090
745,1027,1038
284,556,557
570,845,1017
744,753,1031
129,130,412
369,370,757
159,435,1117
838,900,922
31,32,277
263,608,991
427,428,737
260,485,486
715,718,719
165,720,1080
472,473,793
494,495,817
715,719,1092
136,379,1031
270,362,692
733,1104,1108
290,513,633
724,1048,1082
511,1006,1009
303,529,855
700,1071,1103
748,749,1037
197,355,506
733,1108,1119
34,200,514
402,730,1119
265,501,502
43,523,572
1046,1047,1133
231,601,780
359,409,1094
688,689,1060
959,970,980
629,634,829
124,188,411
777,780,997
675,679,687
282,283,521
39,68,653
235,236,448
704,708,709
274,495,623
271,272,492
395,423,750
298,642,992
1124,1136,1137
570,590,591
367,482,1110
454,782,783
131,370,1040
142,158,1077
143,389,748
24,259,484
939,1020,1021
367,483,702
604,789,790
642,852,992
542,543,646
292,293,855
260,610,611
570,571,591
728,731,732
1,456,457
171,1076,1089
542,543,767
163,421,1081
2,231,777
79,873,923
207,209,1104
150,211,212
226,592,1135
2,444,777
369,741,742
363,701,1118
668,676,678
190,492,554
407,752,754
717,1079,1084
781,940,1007
131,178,415
382,443,1120
309,542,646
836,869,876
1049,1097,1102
195,196,406
37,74,291
413,414,757
249,469,606
116,353,1083
234,602,1008
309,310,646
142,388,747
799,808,952
130,741,1032
270,692,1090
134,1072,1073
1137,1138,1140
388,389,1037
706,1074,1125
3,98,449
567,588,939
257,481,612
550,704,993
102,769,770
905,953,963
106,887,932
445,446,940
308,542,645
709,710,1115
216,226,565
419,1045,1077
1116,1136,1139
725,1047,1117
492,554,619
658,670,680
459,550,1130
558,559,578
386,715,1078
401,1095,1099
322,739,1026
152,400,1050
295,296,638
1124,1139,1140
381,382,442
286,508,635
301,639,854
738,739,1026
379,417,758
299,642,643
619,1004,1005
341,344,1036
174,460,550
859,912,957
354,406,754
504,505,815
305,721,726
324,325,1023
333,735,736
848,851,969
563,582,839
688,1091,1121
617,620,815
128,700,1103
225,229,1054
323,329,330
728,729,1128
913,956,990
821,822,894
296,637,1011
334,759,1039
305,726,1046
904,953,975
314,315,651
402,403,522
346,740,751
840,841,998
377,466,467
194,196,407
3,236,600
300,639,853
401,733,1099
902,947,960
283,284,628
672,680,685
360,409,751
3,449,600
157,222,223
198,508,556
19,20,86
734,759,1039
141,169,1084
486,610,803
112,113,326
548,714,719
231,384,714
662,672,675
241,601,780
600,934,1001
958,962,963
595,734,1039
337,1032,1040
316,439,649
694,696,1085
213,390,727
264,500,501
265,266,624
692,693,695
698,699,1118
263,489,991
135,416,1073
411,412,741
1014,1019,1020
431,596,735
26,192,498
361,362,490
298,299,642
693,1066,1122
579,580,841
732,1052,1108
191,1085,1122
840,939,1020
5,99,100
265,501,625
573,731,1109
504,616,617
279,631,831
301,527,853
127,179,1096
343,756,1029
293,854,855
541,542,645
1124,1136,1139
125,126,360
609,610,802
569,570,590
476,552,991
541,542,766
6,13,652
324,328,329
387,451,716
729,1108,1119
366,367,697
799,952,973
280,281,519
131,414,415
149,425,426
127,132,179
119,195,1063
131,136,178
288,631,1009
762,771,924
142,419,746
301,302,640
151,400,1104
364,474,1129
328,748,1037
346,740,1035
206,298,572
155,204,1095
332,333,736
212,425,1049
527,528,640
366,697,1110
513,933,1000
18,252,703
561,580,840
575,1056,1131
568,569,589
189,361,490
281,631,831
134,175,177
396,424,1097
262,263,488
844,994,1013
524,525,852
401,760,1041
908,917,946
70,71,883
763,860,968
46,67,663
932,1003,1012
733,1053,1119
403,522,729
714,715,719
432,433,759
344,752,754
278,516,633
16,468,935
347,740,741
72,627,933
417,753,758
44,303,529
43,206,572
332,1022,1041
713,1080,1113
17,489,553
37,38,73
839,939,1014
525,852,853
604,790,938
1054,1057,1137
609,610,615
342,343,1029
510,941,1006
341,344,1025
721,1046,1111
560,580,841
270,554,1090
839,844,1019
436,437,768
580,840,1015
774,902,915
406,754,756
221,223,1058
952,955,961
291,627,933
398,731,732
354,406,756
55,56,312
599,603,783
401,730,733
521,629,829
618,816,817
127,1088,1096
842,846,958
808,811,988
173,707,1075
268,616,617
559,845,1017
114,755,1029
290,632,1000
616,617,815
114,1029,1039
109,318,1012
1071,1107,1118
367,482,483
300,643,853
33,72,627
692,1065,1132
135,136,416
439,440,766
461,462,790
219,575,576
279,280,631
276,623,625
4,5,97
602,782,1007
57,59,872
468,935,1002
1042,1089,1123
495,623,818
160,434,547
152,209,210
118,123,194
10,243,789
9,375,712
335,758,1038
150,723,1049
834,837,942
339,346,1035
595,1030,1039
697,1070,1110
118,119,196
563,839,994
550,551,993
231,777,997
446,940,1007
353,1043,1059
604,938,999
165,713,1081
107,109,318
124,411,740
260,485,611
115,199,201
130,369,412
216,565,1135
792,795,979
130,186,412
905,958,963
356,506,1121
273,274,621
351,514,515
359,408,752
317,644,649
998,1015,1021
444,548,997
227,228,430
364,365,475
335,1031,1038
243,461,789
263,553,991
290,513,1000
265,624,818
723,1049,1097
354,754,1036
587,588,1020
315,439,650
320,333,1030
349,743,744
537,573,992
397,398,731
260,611,803
646,650,766
357,498,499
272,273,620
563,583,1013
134,711,1072
336,349,1024
15,89,90
969,978,989
727,1102,1106
334,734,1039
631,832,1009
126,360,694
393,434,726
837,843,962
1065,1122,1132
452,600,1001
718,1078,1092
692,695,1132
100,863,880
261,262,487
297,728,1051
244,245,463
612,804,805
77,78,820
115,116,353
18,365,703
28,80,497
435,725,1117
336,1024,1031
227,228,230
733,1053,1108
403,523,1128
53,59,60
156,205,730
900,922,949
296,536,638
47,53,674
94,867,882
115,201,1083
175,378,1072
153,739,1026
305,546,996
371,372,458
178,180,415
243,244,604
228,430,431
9,242,251
355,688,691
249,470,794
125,188,410
670,683,685
616,620,1005
54,312,664
299,524,642
325,326,327
316,649,650
248,249,606
56,436,647
310,543,646
705,1074,1115
400,1050,1104
178,415,416
523,1051,1128
322,331,1033
395,749,750
298,572,992
404,405,755
493,620,815
562,581,840
137,1027,1038
115,352,689
326,747,1037
107,108,110
363,699,1118
573,637,992
134,177,1072
329,330,750
1079,1084,1113
158,418,1076
353,756,1029
357,358,695
808,811,990
584,585,1139
630,829,941
353,354,756
197,355,1062
332,333,1022
293,294,534
939,1014,1019
325,328,749
275,495,496
406,407,754
509,634,941
318,887,932
154,155,401
800,807,955
127,132,370
280,281,831
36,291,933
688,1060,1091
149,425,738
248,468,1002
199,515,1061
234,1007,1008
398,530,531
840,939,998
499,695,1122
645,646,650
764,909,911
10,460,789
348,743,1040
396,738,1034
37,73,74
364,475,703
385,549,714
324,749,1034
477,801,802
398,531,732
41,292,641
117,157,223
807,809,956
721,725,726
441,765,996
319,334,1039
454,455,782
264,500,626
72,291,933
567,568,588
493,621,816
435,1117,1133
50,305,546
100,101,880
185,1068,1103
278,517,632
1054,1124,1140
44,45,304
359,409,1100
761,867,882
1080,1081,1113
349,350,1031
824,903,917
127,132,1096
28,80,820
149,153,426
362,490,1090
424,425,1049
125,360,410
554,555,1004
618,621,622
457,780,997
39,68,70
773,774,880
576,1056,1136
244,790,791
493,815,816
152,153,427
320,321,1022
388,717,1045
443,719,1092
280,281,631
353,354,690
630,634,636
146,159,724
243,604,789
631,636,830
858,859,957
18,476,991
399,732,1108
436,647,769
263,489,553
359,1025,1035
173,371,1075
434,1046,1133
595,596,1138
517,632,1000
130,369,1032
704,705,1130
1056,1124,1136
595,596,1030
469,606,794
205,1087,1119
150,425,1049
286,509,827
297,637,642
849,850,904
10,243,604
503,504,816
562,839,1014
27,362,1090
339,340,1035
146,159,161
383,443,719
486,802,803
581,1014,1015
488,489,1010
18,182,476
629,634,635
254,613,615
321,1022,1041
4,98,237
117,202,223
439,650,767
313,314,648
632,633,1000
31,661,667
319,333,334
696,1066,1085
113,335,350
225,596,1138
602,603,782
722,724,725
396,425,750
906,952,973
128,183,1103
658,663,670
862,984,986
413,1068,1098
535,638,639
757,1032,1040
455,597,782
260,486,610
200,514,557
142,388,419
717,1084,1113
75,76,865
657,665,668
321,322,1033
499,1122,1132
319,1030,1039
143,421,748
121,122,359
189,490,1105
693,1105,1122
278,516,1000
476,613,801
366,482,1110
310,311,648
264,265,625
131,180,415
149,150,425
238,453,598
396,723,1049
746,747,1027
127,370,699
27,190,554
153,212,426
1056,1057,1124
517,518,832
341,344,345
253,476,477
631,636,1006
823,946,980
372,459,1074
362,692,1090
356,506,507
325,749,1037
227,596,1030
369,741,1032
439,440,649
119,195,196
688,1121,1127
800,877,895
293,534,639
1056,1057,1137
716,718,1078
382,718,1120
123,194,407
141,169,1077
3,4,98
124,130,1028
744,1024,1031
191,696,1085
233,445,940
472,793,938
1057,1124,1137
68,69,108
36,74,291
262,608,609
562,839,840
167,387,717
222,734,1039
706,710,1125
568,569,998
586,1013,1019
400,737,739
252,552,703
1116,1131,1136
595,1044,1086
134,135,177
154,736,1041
358,696,1122
857,889,930
44,45,64
822,824,881
10,242,460
331,737,739
539,546,1046
43,206,523
617,620,621
208,530,731
567,844,939
347,741,742
400,733,1104
716,720,1126
475,703,1069
693,1065,1105
251,471,938
49,160,547
735,1022,1030
652,654,669
1052,1108,1119
326,388,747
109,578,1012
613,801,802
47,53,60
155,156,401
139,713,1081
176,376,466
554,619,1004
152,400,427
118,406,754
114,734,1029
353,404,405
36,291,627
123,359,408
234,447,1008
1066,1085,1100
128,185,1068
353,404,755
176,376,708
720,1079,1080
487,488,801
246,464,606
101,770,893
823,826,983
168,385,549
478,614,802
478,479,614
721,726,1046
390,727,1106
508,827,995
490,692,1090
741,1028,1032
566,587,844
19,257,612
262,609,1010
837,967,978
149,738,1026
14,247,666
204,429,430
72,291,627
119,406,1063
523,572,1051
468,469,1002
124,360,740
454,455,597
400,428,1099
58,545,770
730,733,1119
52,53,57
113,326,1027
145,150,1049
722,724,727
584,1054,1124
608,991,1010
151,207,209
299,524,525
568,589,1021
278,279,632
159,394,724
303,640,641
388,419,1045
288,511,1006
683,685,686
400,760,1033
103,106,932
455,456,781
379,417,753
217,218,221
480,481,804
96,237,934
21,85,87
822,881,894
957,964,975
209,210,1050
182,552,703
428,1050,1099
577,1056,1137
128,129,185
407,408,752
495,496,623
167,387,451
52,53,312
49,317,441
1065,1090,1105
244,462,790
424,1093,1097
669,675,679
174,373,374
8,237,600
348,349,1024
265,623,625
478,614,615
792,926,931
16,468,607
333,1022,1030
9,473,793
1071,1088,1098
31,38,76
300,301,853
694,1094,1100
86,481,805
613,801,991
795,797,879
570,590,1017
137,142,746
969,987,989
324,329,749
323,330,1034
30,81,82
98,237,934
897,943,945
121,359,1094
646,766,767
276,496,819
142,746,747
339,346,1028
290,512,513
730,733,1053
137,138,172
601,780,940
212,425,426
1070,1107,1110
389,747,1037
143,148,162
838,876,925
319,334,1030
798,800,877
132,180,1096
628,827,995
355,1121,1127
355,356,506
231,601,777
797,798,864
907,915,947
584,585,593
604,790,999
193,1085,1094
268,504,505
396,425,1049
978,986,989
357,358,499
380,745,758
139,713,720
907,945,947
197,506,1062
1068,1098,1103
269,505,616
182,365,703
450,715,1078
338,348,1032
715,718,1092
131,415,743
101,102,770
899,901,948
280,518,831
325,327,328
123,752,1025
30,659,677
120,355,691
404,405,1043
201,202,1059
65,66,866
524,642,992
128,183,368
133,371,707
96,891,937
330,1026,1034
1067,1100,1101
239,240,454
174,373,550
598,603,783
646,650,651
233,446,1007
239,453,454
42,208,637
283,284,557
1,231,457
401,428,429
224,225,584
477,478,613
84,806,888
646,767,768
634,829,941
131,136,415
62,532,856
389,421,1081
763,772,982
350,753,1031
325,328,1037
255,478,614
450,1078,1092
191,358,696
516,633,1000
706,710,711
305,306,644
471,938,999
645,649,765
373,550,704
8,96,934
86,806,929
142,747,1027
289,512,1009
609,801,1010
56,313,436
360,740,1035
146,159,394
922,949,962
139,381,720
490,692,1105
706,710,1074
36,513,933
700,1103,1107
303,641,855
438,651,767
1047,1117,1133
336,337,349
129,369,412
728,1052,1109
133,173,707
729,730,1119
368,700,702
102,312,770
752,1025,1035
225,1054,1138
340,341,345
388,420,747
147,161,1093
308,309,646
354,756,1036
701,1118,1129
372,458,706
267,618,816
322,331,1026
580,581,1015
788,948,974
371,372,706
432,595,1044
281,282,630
278,633,1000
307,541,645
131,1024,1040
469,470,794
351,514,1060
99,863,874
570,845,1003
559,578,1018
458,1074,1075
578,1012,1018
250,251,604
573,1051,1109
131,743,1040
327,746,1027
611,612,804
110,558,932
117,222,1029
645,765,766
376,708,1134
151,1050,1104
630,634,829
232,233,940
597,598,782
146,395,1093
28,276,497
477,478,802
275,495,623
464,606,1002
698,702,1107
27,554,1090
233,940,1007
968,969,987
137,142,172
205,730,1119
383,714,719
220,595,1058
808,952,961
438,767,768
1082,1093,1097
443,548,719
176,708,712
581,840,1015
825,828,871
413,1096,1098
239,454,598
151,152,209
584,593,1116
1053,1087,1099
493,620,621
826,967,983
998,1015,1016
442,443,1120
761,867,875
778,874,891
124,188,410
502,624,818
81,868,873
476,477,801
108,110,925
1078,1079,1126
839,994,1013
846,886,887
798,864,877
274,495,622
548,714,1092
903,917,946
699,1071,1088
395,423,749
559,560,841
145,723,1102
537,573,637
842,846,887
177,178,416
51,545,770
321,331,1033
42,208,397
132,180,414
840,998,1021
510,636,941
260,486,803
8,96,452
591,1017,1018
138,380,1076
288,631,1006
222,595,1058
337,1024,1040
763,772,971
359,360,409
693,1065,1122
714,719,1092
395,396,750
297,573,637
49,441,547
333,735,1030
33,278,516
503,618,817
357,499,695
117,222,734
124,186,188
46,65,66
224,584,1054
466,1115,1134
108,876,925
621,816,817
153,426,427
800,807,895
234,602,1007
226,565,1135
11,12,92
297,642,992
380,1042,1076
380,417,758
537,637,1011
605,791,999
5,237,662
1054,1055,1112
252,552,991
51,52,58
292,640,641
5,54,662
380,1031,1038
634,827,829
292,293,533
183,368,483
368,483,1107
8,452,934
35,285,556
287,509,634
36,627,633
810,812,868
364,701,703
563,582,583
501,502,818
67,663,665
225,1054,1140
810,868,884
379,744,1031
157,202,1059
785,882,937
400,1050,1099
1048,1097,1102
673,676,678
96,452,934
16,90,935
301,639,853
232,233,445
847,866,886
844,939,1019
122,193,1094
145,723,1049
166,231,383
521,829,995
128,368,700
42,208,573
426,427,739
431,432,1055
118,123,754
423,424,750
691,1062,1114
25,78,500
977,984,988
535,536,852
363,474,1129
369,412,742
618,621,817
1137,1139,1140
314,648,651
432,596,735
691,1062,1127
684,685,686
514,557,1091
2,232,601
629,635,827
323,1026,1034
284,688,1091
160,441,547
145,390,727
486,610,802
27,271,619
252,553,1069
521,628,829
160,392,547
133,138,380
121,191,696
903,946,980
117,404,755
645,646,766
330,331,1026
305,546,1046
241,597,781
713,717,1113
466,467,1115
137,745,746
415,743,744
273,494,621
378,710,711
706,707,1075
644,765,996
268,504,617
400,739,1033
536,638,852
1054,1112,1138
605,790,791
601,777,780
346,347,740
214,539,546
396,723,1097
1042,1076,1089
148,162,422
521,557,628
542,645,766
489,553,991
388,389,420
342,344,1036
379,380,758
287,636,941
217,220,595
610,615,802
149,212,425
286,635,827
1003,1012,1018
188,410,411
388,419,420
272,493,620
157,404,1059
776,863,874
19,86,481
114,343,1029
205,402,1119
60,870,885
775,965,982
28,819,820
149,153,1026
143,748,749
151,733,1104
336,337,1024
146,159,1082
354,406,1063
310,646,648
386,387,716
762,872,924
265,623,818
227,430,735
262,487,488
10,242,374
503,816,817
592,593,1116
149,396,1026
292,641,855
570,591,1018
262,487,609
708,709,1134
464,794,1002
262,263,608
103,571,1012
34,200,557
570,1017,1018
2,231,444
248,249,469
281,519,831
136,415,744
231,548,997
183,700,1103
335,336,350
332,1033,1041
387,716,1079
26,357,498
562,581,582
348,742,757
447,448,1008
778,784,897
339,340,346
131,136,1024
1124,1137,1139
278,279,517
536,852,1011
1043,1059,1083
359,751,1035
475,552,1069
115,353,1083
889,896,928
551,704,708
742,757,1032
399,733,1104
151,152,400
3,98,934
238,452,1001
364,475,1129
280,631,831
559,845,1003
208,573,731
217,218,577
386,716,1078
39,40,71
326,388,1037
267,503,816
496,623,818
524,572,992
342,343,344
363,474,1118
22,30,659
617,620,816
332,736,1022
563,994,1013
34,284,351
233,601,940
133,380,707
39,70,71
147,423,1093
240,241,455
134,378,1072
561,562,581
34,283,284
240,454,455
448,599,1008
370,413,757
135,177,416
183,185,1103
630,634,941
1066,1101,1105
549,714,997
479,802,803
807,809,927
167,1079,1084
696,1066,1122
544,648,769
315,438,439
81,82,868
695,1065,1132
939,998,1021
143,421,422
348,743,1024
225,230,596
199,1061,1083
421,422,748
572,573,992
570,1003,1017
137,380,745
1056,1116,1136
262,488,1010
495,623,817
116,117,202
250,938,999
218,1057,1086
241,601,781
616,620,815
66,105,886
345,751,752
839,844,939
377,709,710
967,983,986
813,873,923
499,695,1132
515,1060,1061
504,505,616
217,220,221
153,210,212
153,426,739
2,166,383
828,871,890
82,83,884
774,863,880
130,186,411
6,7,95
195,197,1063
161,162,1093
846,847,886
359,408,751
400,733,1099
595,596,759
253,608,613
1054,1124,1137
786,943,948
157,222,1058
17,252,263
364,365,703
357,692,1132
243,244,790
294,638,639
166,231,548
539,1046,1111
315,316,650
301,527,854
167,717,1084
166,444,548
370,757,1040
287,634,941
538,539,1111
13,652,656
376,708,709
430,431,735
379,416,417
466,709,1134
152,427,1050
191,696,1122
419,420,747
125,188,1067
68,318,657
861,870,885
259,485,611
166,383,443
122,123,408
495,496,818
698,700,1107
126,693,694
523,728,1051
398,399,531
391,721,1111
512,832,1009
506,1121,1127
715,716,718
369,699,1098
140,167,717
126,187,189
360,740,1028
147,162,423
107,110,318
142,158,746
361,692,1105
646,648,651
241,455,597
256,257,480
386,451,716
785,899,919
279,631,632
446,447,1007
252,697,703
146,147,161
634,827,941
335,350,745
323,324,1034
255,614,615
584,593,1054
35,198,285
26,269,616
150,211,1049
84,484,805
294,295,638
327,747,748
174,374,460
397,398,530
112,113,745
200,521,557
983,984,986
335,350,758
296,637,638
388,717,1084
296,638,1011
214,306,540
289,290,632
735,759,1030
355,356,688
619,620,1005
543,544,768
1,241,456
718,1078,1120
653,657,668
176,708,1134
264,265,501
3,237,600
1,231,384
145,1049,1102
303,528,529
307,644,645
134,378,711
122,359,1094
311,647,648
487,488,609
252,552,553
707,711,1123
395,424,750
311,647,769
338,339,347
229,431,1055
367,483,1110
145,150,723
91,92,892
444,445,777
580,841,1015
166,714,719
120,690,691
763,968,982
559,841,845
552,553,1069
898,942,944
354,754,756
281,830,831
426,738,739
46,66,67
22,258,659
224,593,1054
180,414,415
220,223,1058
127,699,1096
123,407,754
309,543,646
54,55,312
305,547,996
238,239,453
1057,1112,1137
559,560,579
380,418,1042
205,522,1119
271,492,619
238,452,453
93,867,875
382,383,443
176,376,1134
836,838,900
401,428,1095
152,153,400
313,436,437
117,734,755
117,157,222
118,194,196
116,201,1083
1056,1131,1136
706,1075,1125
327,328,748
232,444,445
585,594,1135
796,799,976
143,148,749
428,429,1095
298,524,992
165,1080,1081
815,1004,1005
286,287,509
124,125,360
728,729,1052
320,332,1022
379,753,1031
862,986,989
222,223,1058
400,401,1099
301,640,854
141,142,1077
762,764,911
68,107,318
843,848,963
384,385,714
301,853,854
826,834,944
51,311,545
812,813,873
592,1116,1135
128,129,369
42,296,637
270,555,1064
326,327,747
134,711,1073
343,755,756
27,190,619
253,608,991
295,535,536
282,629,829
568,939,1021
521,557,995
67,104,318
181,363,1088
114,734,1039
119,120,195
105,886,887
149,153,212
559,1017,1018
115,199,352
321,1033,1041
261,262,609
400,401,428
345,1025,1035
420,421,1081
660,666,682
1015,1020,1021
861,909,912
611,614,803
360,410,751
488,609,1010
143,164,422
417,418,758
439,650,766
735,736,1022
492,493,1005
103,104,318
534,535,853
231,714,997
372,458,459
788,796,966
400,737,1033
183,700,1107
148,395,1023
608,801,991
313,314,768
43,297,572
347,348,742
242,604,789
752,754,1025
862,984,985
637,992,1011
399,531,732
225,584,1140
455,597,781
343,344,756
302,527,528
147,161,162
331,737,1033
153,1026,1033
294,534,639
693,695,1065
551,704,712
297,728,731
157,404,755
444,777,997
399,733,1108
530,531,1109
346,347,1028
112,335,1038
140,167,169
524,525,642
216,592,1135
723,727,1102
396,1049,1097
369,413,1068
131,180,414
143,389,1037
325,749,1023
134,177,1073
568,588,1021
227,430,431
238,599,1001
399,531,1108
154,429,736
51,58,312
442,1120,1126
603,783,1008
135,177,178
562,840,1014
603,782,783
301,526,527
391,538,1111
377,378,467
282,521,829
643,852,853
425,426,738
183,368,1107
394,724,1117
809,810,884
534,853,854
242,704,712
328,749,1037
910,913,950
597,602,603
370,743,757
233,602,1007
835,900,921
561,581,840
247,656,666
144,163,421
584,1116,1139
145,213,390
404,1043,1059
389,420,747
439,766,767
176,375,376
558,578,1012
388,1077,1084
576,577,1056
249,250,605
1116,1131,1135
28,276,626
679,684,687
250,604,605
672,685,687
191,358,1122
60,61,885
347,740,1028
357,499,1132
381,382,718
285,286,508
167,387,1079
1064,1065,1090
396,1026,1034
399,732,733
1044,1058,1086
72,890,933
129,185,1068
1057,1086,1112
775,947,972
282,521,629
571,591,1012
285,628,635
230,596,1055
747,748,1037
567,587,844
96,891,934
689,1060,1061
166,231,444
462,463,791
498,499,1132
218,221,1086
88,89,879
314,438,768
571,1012,1018
522,1119,1128
243,604,790
314,651,768
899,919,948
291,890,933
158,172,1076
709,1130,1134
830,941,1006
293,639,854
786,965,966
137,142,1027
512,832,1000
824,865,881
83,888,927
25,277,626
355,356,1121
898,921,942
63,64,930
187,189,1101
290,633,1000
177,416,1073
164,421,422
360,410,740
586,587,844
401,760,1033
258,659,660
252,263,991
781,782,1007
798,800,916
179,180,1096
572,573,1051
6,13,94
554,1004,1005
36,37,291
236,599,1001
396,425,738
43,403,728
331,738,739
377,467,1115
228,229,431
1,231,241
467,1072,1125
903,959,980
231,383,714
551,712,993
18,252,253
705,709,1115
140,167,1084
797,798,916
169,1077,1084
332,736,760
106,571,932
494,621,816
618,622,624
9,242,712
123,359,1025
839,939,1019
409,1094,1100
356,507,1121
326,747,1027
577,1056,1136
607,935,1002
831,1006,1009
112,1027,1038
567,587,1020
136,415,416
338,741,1028
265,623,624
717,720,1079
242,712,993
131,743,1024
225,229,230
159,724,1082
716,717,720
661,673,676
851,953,975
157,222,433
799,808,988
419,746,747
300,525,853
694,1085,1094
310,544,648
570,571,1003
289,631,632
14,21,660
53,57,59
297,728,1109
123,194,408
502,618,624
137,158,1076
266,267,618
158,170,172
265,502,818
234,235,603
353,755,756
215,563,583
165,381,442
478,479,802
711,1073,1123
430,735,736
41,304,641
692,1064,1090
236,449,600
256,479,480
776,778,907
790,938,999
577,1056,1057
595,759,1039
825,865,871
124,740,1028
558,1003,1018
401,428,1099
273,493,620
194,407,408
792,920,979
653,655,668
507,1091,1121
144,421,1081
359,408,1094
231,457,997
715,718,1078
52,57,58
723,724,727
227,230,431
623,624,818
359,752,1025
395,1023,1034
112,335,745
693,695,1122
256,479,614
154,429,430
167,451,1079
695,696,1122
415,416,744
385,450,549
286,287,634
53,312,674
142,419,1077
276,496,497
692,693,1065
289,512,632
454,598,783
316,317,440
255,478,479
443,548,1092
460,550,993
492,493,620
154,155,204
9,242,793
338,1028,1032
751,752,1035
364,701,1129
604,605,790
558,559,1003
77,881,894
598,603,782
235,599,603
508,556,628
388,713,717
35,284,356
107,109,110
144,389,421
631,1006,1009
850,878,896
439,651,767
622,623,817
337,338,1032
250,470,471
220,221,1058
154,227,736
505,616,1004
339,347,1028
16,248,607
369,757,1032
709,1115,1134
713,1080,1081
414,415,743
416,417,1073
118,354,1036
630,830,941
243,244,462
977,983,984
360,751,1035
45,46,63
184,366,482
345,346,751
1072,1073,1123
597,602,781
199,352,1061
355,691,1062
35,198,507
425,738,750
287,509,510
200,283,557
585,592,1135
149,426,738
561,840,841
173,1075,1089
461,789,790
470,794,999
467,710,1125
308,541,645
242,604,793
514,1060,1091
2,166,444
221,1058,1086
463,464,791
129,185,186
137,745,1038
143,144,164
302,527,640
3,236,449
839,844,1013
244,605,790
17,252,553
848,953,963
762,771,960
121,694,696
511,512,1009
111,319,334
233,445,446
322,323,1026
273,620,621
174,459,550
66,866,886
599,600,1001
141,170,1077
192,505,555
718,1078,1126
678,683,686
210,427,1050
465,607,1002
157,734,755
393,394,435
362,491,1090
307,541,644
509,827,941
367,368,483
17,184,489
17,263,553
92,892,935
538,1106,1111
66,67,105
559,578,1017
451,1078,1079
403,522,523
226,585,594
51,58,545
787,792,920
373,374,704
297,298,992
587,844,1019
50,305,391
126,189,1101
707,1075,1123
613,615,802
646,651,768
1043,1083,1114
233,234,602
143,749,1037
1112,1137,1138
142,388,1027
137,142,158
596,1055,1138
222,734,1029
143,162,422
68,653,657
1056,1116,1131
841,1015,1016
237,891,934
418,745,758
399,1104,1108
154,401,1041
145,211,1102
596,735,759
117,222,223
391,538,539
693,1066,1105
113,335,745
639,643,853
488,801,1010
154,227,228
581,840,1014
786,788,948
17,252,366
408,409,751
775,779,965
334,735,1030
776,907,915
451,716,1079
629,634,827
502,624,817
18,252,552
648,651,768
460,461,789
424,1049,1097
1078,1120,1126
192,269,505
256,611,614
293,640,855
167,717,1079
1052,1108,1109
139,165,1081
231,444,777
231,444,548
287,509,941
131,415,744
51,545,769
216,565,566
1136,1137,1139
151,207,399
218,574,1057
27,190,491
589,1016,1017
469,606,1002
858,954,957
314,438,651
182,475,552
101,880,893
285,556,628
249,469,470
278,517,1000
630,631,636
551,704,1134
840,1020,1021
88,864,879
669,679,682
23,83,84
503,618,816
19,257,481
586,844,1013
490,491,1090
284,557,1091
255,478,615
27,270,554
113,327,1027
324,329,1034
110,887,932
541,765,766
571,932,1012
74,890,933
243,461,462
851,860,975
608,609,801
19,20,258
540,541,765
369,742,1032
286,634,827
64,529,856
151,209,1050
130,740,741
292,293,640
41,48,62
593,1054,1124
475,552,703
319,320,1030
4,97,98
668,678,681
476,477,613
360,1028,1035
137,745,1027
274,275,623
577,1136,1137
42,537,637
219,564,583
814,977,983
41,48,304
274,622,623
156,205,1087
8,238,600
604,789,938
29,79,80
564,594,1013
601,777,940
717,1045,1113
248,468,607
89,879,931
117,157,404
560,579,841
351,352,515
80,820,923
288,511,1009
1070,1118,1129
354,405,406
7,96,237
208,397,731
354,405,756
432,735,759
599,603,1008
250,251,471
337,348,1040
256,611,803
464,791,794
251,472,938
338,741,1032
504,617,815
270,555,1004
268,269,505
143,144,421
760,1033,1041
701,1070,1129
737,739,1033
326,327,1037
694,1066,1085
154,227,1022
281,519,520
524,852,992
540,765,996
371,458,706
358,499,695
118,407,754
379,753,758
225,584,1054
43,297,728
638,642,852
348,757,1040
1055,1112,1138
478,615,802
388,419,1077
240,597,598
706,707,711
145,723,727
267,268,504
595,759,1030
14,21,88
378,467,710
716,1078,1079
252,703,1069
280,519,831
558,578,1018
833,898,921
547,726,1046
241,455,781
655,661,676
124,410,740
139,165,720
563,564,583
129,130,186
441,547,996
347,348,1032
477,613,802
369,1068,1098
1074,1115,1130
245,463,791
148,749,1023
282,283,629
268,504,616
113,350,745
532,641,855
137,158,746
148,422,749
728,732,1052
658,674,680
317,440,441
339,346,347
796,966,976
1054,1112,1137
285,286,635
290,512,1000
360,410,1067
370,699,1096
704,712,993
529,855,856
388,420,1045
242,789,993
236,448,449
830,831,1006
571,591,1018
618,622,817
509,510,941
527,528,854
127,370,1096
17,263,489
780,781,940
380,707,711
580,1015,1016
31,32,77
270,692,1064
811,950,970
563,582,1013
569,845,998
699,1088,1096
834,837,967
259,484,612
729,730,733
137,418,1076
116,117,1059
787,901,920
259,260,611
320,321,332
146,724,1082
352,1060,1061
141,142,388
185,186,1068
393,725,726
166,443,548
297,573,1109
58,312,770
305,547,1046
140,387,717
640,641,855
344,345,752
213,390,538
508,556,995
50,214,306
640,854,855
203,204,1095
570,591,1017
733,1053,1104
526,527,853
1075,1089,1123
27,491,1090
117,353,1029
699,1071,1118
564,565,594
245,246,606
281,519,830
93,94,867
845,1003,1017
715,716,1078
14,88,89
253,477,613
602,781,782
909,911,951
531,732,1108
266,618,624
159,1082,1117
502,618,817
331,332,737
363,699,1088
859,861,885
256,257,611
689,690,691
260,261,486
611,803,804
788,796,974
616,619,1005
639,640,854
124,125,410
338,339,1028
558,1012,1018
775,945,947
639,853,854
532,533,855
288,636,1006
433,595,1058
717,1079,1113
663,665,681
449,600,1001
734,755,1029
43,297,1051
778,897,907
175,467,1072
195,406,1063
636,941,1006
191,358,499
585,1116,1135
349,743,1024
5,54,100
772,775,982
36,633,933
119,195,406
263,488,1010
180,414,1096
395,1082,1097
56,312,647
359,360,694
1069,1070,1129
610,802,803
199,352,515
286,509,634
469,794,1002
12,13,91
965,966,981
227,431,735
906,916,952
9,251,793
24,84,484
525,642,643
242,251,604
394,435,1117
246,606,1002
119,120,1063
11,465,935
103,571,932
694,1085,1100
323,330,1026
22,30,82
109,558,1012
270,619,1004
353,354,405
544,648,768
154,736,1022
121,696,1085
395,1093,1097
684,685,687
341,1025,1036
266,267,503
544,768,769
595,1058,1086
694,1066,1100
697,701,703
236,448,1001
377,466,709
369,413,742
464,465,1002
601,602,781
897,919,943
378,711,1072
431,432,735
828,833,890
274,494,495
153,426,738
400,401,733
314,315,438
559,578,579
9,251,472
248,606,1002
30,79,81
295,536,638
218,574,577
796,799,973
467,1115,1125
492,619,1005
229,230,431
340,1025,1035
525,643,853
820,894,923
319,759,1039
77,820,894
20,85,86
542,645,646
225,1055,1138
370,699,1098
147,162,1093
171,173,1089
204,429,1095
440,649,766
293,533,854
148,162,423
13,91,93
32,77,78
184,482,553
116,353,1059
149,212,426
126,187,1101
213,727,1102
589,1016,1021
353,354,1036
458,706,1074
265,502,624
33,278,627
574,1056,1057
400,427,428
252,553,991
739,1026,1033
379,744,753
699,1088,1098
371,706,707
571,932,1003
123,359,752
9,472,793
255,256,614
351,515,1060
387,451,1079
413,414,1096
211,213,1102
651,767,768
227,430,736
122,194,408
242,251,793
10,242,604
387,716,717
637,638,642
152,153,210
372,705,1074
12,91,92
470,605,999
806,888,929
734,1029,1039
376,709,1134
345,751,1035
270,554,1064
23,24,258
741,742,1032
245,464,794
183,1103,1107
275,496,623
1054,1057,1124
697,698,702
638,639,853
396,424,750
858,896,928
390,721,722
309,542,543
638,852,853
409,1067,1100
394,724,725
379,711,1073
139,163,1081
386,451,1078
122,123,194
1124,1137,1140
309,310,543
62,857,889
728,732,1109
458,459,1074
139,144,1081
79,81,873
49,305,317
154,401,429
393,435,725
609,801,802
628,827,829
97,98,891
34,351,514
453,598,783
342,756,1036
134,135,1073
359,694,1094
43,403,523
631,830,831
351,688,1060
699,700,1071
321,332,1033
372,458,1074
557,628,995
324,325,328
296,537,1011
630,636,830
297,731,1109
787,792,926
225,596,1055
1056,1116,1124
569,589,590
58,770,924
369,370,1098
118,1025,1036
403,729,1128
91,875,926
225,230,1055
570,1003,1018
18,552,703
810,910,913
344,752,1025
45,63,64
244,462,463
1046,1047,1111
353,404,1059
558,932,1012
23,24,84
249,470,605
253,254,477
156,203,1087
664,674,680
273,493,494
704,1130,1134
121,122,1094
344,756,1036
624,817,818
502,817,818
363,1118,1129
252,253,608
534,639,854
232,445,777
524,642,852
300,301,526
369,413,757
318,932,1012
568,588,589
84,805,806
110,318,887
718,719,1120
568,588,939
30,277,677
386,387,451
36,627,933
35,356,507
272,492,493
638,642,643
507,556,1091
16,248,468
732,1108,1109
359,409,751
562,581,1014
713,720,1080
1061,1062,1127
333,735,1022
353,1059,1083
359,360,751
405,406,1063
238,598,599
795,906,979
122,194,1094
71,72,936
428,429,760
128,369,700
279,632,832
230,431,1055
69,70,869
110,887,925
650,766,767
433,1044,1058
369,370,1032
86,805,806
47,48,304
588,939,1021
851,860,968
586,844,1019
297,573,992
450,549,1092
96,237,891
920,974,979
271,619,620
566,586,844
846,905,958
521,628,995
262,608,1010
332,737,1033
274,275,495
314,437,768
18,182,703
126,361,693
179,1088,1096
594,1131,1136
566,567,844
487,801,802
143,164,421
46,63,65
305,644,996
131,132,370
700,702,1107
37,38,291
738,1026,1034
259,611,804
267,504,816
862,987,989
289,290,512
543,544,648
135,136,379
296,537,637
502,503,817
912,957,964
813,821,923
326,388,1027
133,171,173
342,353,756
35,284,285
585,1116,1139
285,508,635
725,726,1133
334,759,1030
146,395,724
528,640,855
548,549,997
33,40,627
542,646,766
181,474,1118
761,787,901
595,1044,1058
330,738,750
580,841,1016
419,420,1045
695,1065,1122
62,856,857
29,30,277
337,348,349
585,592,593
1072,1075,1125
249,250,470
324,328,749
340,346,1035
541,644,645
550,1130,1134
196,406,407
787,875,926
147,148,423
432,595,596
323,329,1034
120,195,1063
567,844,1019
704,709,1130
22,23,83
512,632,832
562,563,839
740,1028,1035
791,794,999
283,521,629
471,472,938
271,492,620
593,1116,1124
634,635,827
329,749,750
103,932,1012
299,300,525
206,298,524
139,165,713
698,701,1118
567,587,588
371,458,1075
437,438,768
305,392,547
369,412,413
162,164,422
319,759,1030
136,416,744
74,291,890
285,508,556
408,751,752
697,701,1070
743,744,1024
1088,1096,1098
387,717,1079
187,1067,1101
403,523,728
64,856,857
396,424,1049
585,594,1136
253,254,613
249,605,606
117,353,404
222,595,1039
287,510,636
111,114,1039
395,423,1093
729,732,1052
840,998,1015
154,204,430
395,749,1034
412,741,742
359,752,1035
782,1007,1008
465,935,1002
47,60,61
264,501,625
1131,1135,1136
391,539,1111
498,1064,1132
552,553,991
849,850,878
329,330,1034
591,1012,1018
238,453,1001
316,439,440
42,573,731
124,186,411
213,727,1106
801,991,1010
743,1024,1040
822,903,959
448,449,1001
243,462,790
151,152,1050
330,738,1034
351,352,1060
432,595,759
142,388,1077
291,655,661
537,637,992
617,621,816
197,1062,1063
233,602,940
724,1048,1117
39,653,655
145,211,213
773,902,960
28,277,626
784,891,937
410,740,751
142,746,1027
505,555,1004
370,414,757
128,1068,1103
340,341,1025
355,506,1121
540,546,996
728,729,732
297,637,992
594,1135,1136
439,649,650
530,573,731
224,584,593
216,566,586
545,769,770
43,523,728
270,362,1090
303,640,855
795,879,931
544,545,769
280,518,519
44,303,641
379,758,1031
1116,1135,1136
38,73,75
287,634,636
311,544,648
105,106,887
153,738,739
380,745,1038
380,417,418
206,523,572
400,427,1050
322,330,1026
267,617,816
420,421,748
311,544,769
484,612,805
282,629,630
303,528,640
38,291,661
121,191,193
181,363,1118
348,1024,1040
307,308,541
143,162,164
368,702,1107
567,587,1019
844,1013,1019
541,645,765
27,270,362
333,334,735
773,880,893
115,689,690
299,525,643
242,374,704
136,1024,1031
764,861,870
474,475,1129
286,634,635
222,433,1058
334,735,759
228,229,230
729,1119,1128
244,604,790
559,1003,1018
401,429,1095
847,905,918
341,342,1036
393,434,1133
18,252,991
173,458,1075
141,388,1084
902,915,947
558,932,1003
393,726,1133
586,587,1019
328,748,749
127,363,699
225,1054,1055
377,378,710
147,395,423
281,630,830
389,420,748
324,749,1023
452,934,1001
2,231,383
149,150,212
397,530,731
138,171,172
290,512,632
114,343,755
113,745,1027
266,502,618
610,611,614
827,829,941
360,409,410
355,691,1127
1074,1115,1125
11,465,607
308,645,646
215,219,583
796,973,974
236,599,600
485,611,804
395,749,1023
427,737,739
409,410,751
26,270,616
916,952,955
61,62,889
150,212,1049
623,624,817
411,740,741
771,773,960
370,757,1032
131,744,1024
447,1007,1008
795,797,906
862,981,985
110,318,1012
29,30,79
661,667,673
761,785,899
34,200,283
43,572,1051
250,471,938
1054,1137,1138
454,598,782
359,408,409
127,363,1088
43,523,1051
385,714,715
129,369,1068
321,331,332
716,1079,1126
259,260,485
346,740,1028
244,245,791
134,379,711
117,157,1059
182,365,475
487,609,610
550,551,1134
